1107	0	con	p0s0	373	9402	emospace1	[-0.6613928222656247, 0.6419879150390628]	2.8698458551625663	1555650905.9690385
1107	1	con	p+s+	815	8370	emospace1	[0.66760498046875, 0.6348742675781248]	1.8854356331094095	1555650923.4940407
1107	2	con	p-s-	241	3010	emospace1	[0.0, 0.9314099121093755]	2.5694423183017534	1555650941.0060427
1107	3	con	p-s-	719	6821	emospace1	[-0.9068261718750004, 0.0]	2.719697665525473	1555650958.5340452
1107	4	con	p0s0	723	9926	emospace1	[0, 0]	None	1555650976.1280515
1107	5	con	p0s0	425	7560	emospace1	[0.008491210937500063, -0.9456866455078125]	2.369237428193628	1555650993.904068
1107	6	inc	p+s-	422	4800	emospace1	[0.0, -0.8871154785156252]	2.803023644906716	1555651011.508075
1107	7	inc	p-s+	355	3150	emospace1	[-0.889205932617187, 0.0]	2.419283322857609	1555651029.1370833
1107	8	inc	p+s-	277	4647	emospace1	[-0.6720916748046881, -0.6839477539062505]	2.686227278539718	1555651046.6740863
1107	9	inc	p+s-	719	5215	emospace1	[-0.6523760986328123, 0.6662744140625002]	2.5193468970223876	1555651064.1970885
1107	10	inc	p-s+	311	8230	emospace1	[-0.848992919921875, 0.0]	2.3358856049239876	1555651081.791095
1107	11	con	p+s+	716	4652	emospace1	[-0.6728393554687498, 0.6575250244140627]	2.636157070809986	1555651099.3861012
1107	12	con	p+s+	366	7501	emospace1	[-0.5992633056640625, -0.630614013671875]	2.4359614857025917	1555651116.971107
1107	13	con	p0s0	225	4279	emospace1	[0, 0]	None	1555651134.5361118
1107	14	inc	p-s+	808	3010	emospace1	[0.8944860839843755, -0.016984252929687502]	2.853136775703206	1555651152.0161116
1107	15	con	p+s+	355	8178	emospace1	[0.6420629882812489, 0.6613092041015628]	2.8534957686260896	1555651169.523113
1107	16	con	p+s+	220	5623	emospace1	[0.0315826416015625, 0.8950024414062505]	1.852091313872279	1555651187.0121133
1107	17	con	p+s+	205	9156	emospace1	[0.0, -0.8404602050781254]	3.236792452264126	1555651204.5061138
1107	18	inc	p+s-	288	4668	emospace1	[0.6574371337890625, -0.6201428222656251]	2.969861103356834	1555651222.0051146
1107	19	inc	p+s-	290	4697	emospace1	[-0.637518310546875, -0.62601806640625]	2.13605141402968	1555651239.5041158
1107	20	inc	p-s+	815	9622	emospace1	[0.6604333496093752, 0.6413775634765618]	1.968839354269221	1555651257.0151174
1107	21	con	p+s+	200	4697	emospace1	[0.0, -0.9075946044921881]	2.9698268849679152	1555651274.5951226
1107	22	inc	p-s+	716	9184	emospace1	[-0.8678228759765627, 0.0]	1.8683393455639816	1555651292.102124
1107	23	inc	p+s-	106	7405	emospace1	[-0.6711199951171876, 0.6822161865234373]	2.869749803544437	1555651309.7161317
1107	24	inc	p-s+	601	3195	emospace1	[-0.6802532958984376, 0.6594219970703122]	2.435937472797832	1555651327.3021374
1107	25	inc	p-s+	820	6821	emospace1	[0.6641070556640629, 0.6381744384765621]	1.935453312610207	1555651344.880143
1107	26	con	p-s-	709	9163	emospace1	[-0.898294677734375, 0.0]	2.119058682135801	1555651362.4821496
1107	27	con	p-s-	625	6250	emospace1	[0.029846801757812496, 0.8377838134765627]	2.469387448814814	1555651380.0901568
1107	28	inc	p-s+	220	2683	emospace1	[0.0, 0.8156274414062497]	1.234853410222513	1555651397.6771624
1107	29	inc	p-s+	204	3053	emospace1	[-0.679384765625, 0.6250146484375003]	1.3182265149289378	1555651415.3661745
1107	30	con	p+s+	367	5470	emospace1	[0.041008300781250055, -0.9318798828124996]	0.9011196617061614	1555651432.9841821
1107	31	inc	p+s-	293	2300	emospace1	[-0.6445849609375, -0.6549041748046869]	2.6028628785106775	1555651450.5411863
1107	32	inc	p-s+	415	9325	emospace1	[-0.6583410644531246, 0.6366217041015619]	2.435946777798563	1555651468.0491877
1107	33	con	p+s+	360	4656	emospace1	[0.0, -0.8379193115234377]	1.8854140214953077	1555651485.5981913
1107	34	inc	p+s-	703	4611	emospace1	[-0.660206298828125, 0.6366082763671868]	1.968857964270228	1555651503.1161933
1107	35	con	p-s-	713	6510	emospace1	[-0.6339379882812503, 0.6453283691406253]	2.4025907522700436	1555651520.6151943
1107	36	inc	p-s+	610	3063	emospace1	[-0.9512677001953121, 0.0]	2.3859423053950195	1555651538.113195
1107	37	con	p0s0	705	2309	emospace1	[-0.6662823486328123, 0.6010327148437505]	2.435965687960561	1555651555.6111958
1107	38	inc	p-s+	205	9253	emospace1	[-0.573001708984375, -0.61902099609375]	3.036587862316992	1555651573.393213
1107	39	inc	p+s-	501	4656	emospace1	[0.0, 0.8485943603515621]	0.8510089322003296	1555651590.9982197
1107	40	inc	p+s-	289	8186	emospace1	[0.6607824707031247, -0.6422009277343752]	3.203416616089271	1555651608.5972264
1107	41	con	p-s-	288	9325	emospace1	[-0.9169256591796879, 0.034257812499999915]	2.936613135899279	1555651626.1712317
1107	42	con	p0s0	720	7046	emospace1	[-0.6434472656249999, 0.6814257812499996]	2.8864588830037974	1555651643.6652324
1107	43	inc	p-s+	817	1525	emospace1	[0.6401623535156252, 0.6461639404296883]	2.8864819954242193	1555651661.2902405
1107	44	inc	p-s+	367	9429	emospace1	[0.0, -0.8221942138671878]	2.4193829764117254	1555651678.8772461
1107	45	inc	p-s+	352	6231	emospace1	[0.8425219726562507, 0.0]	1.11807355272731	1555651696.4882536
1107	46	con	p-s-	277	3053	emospace1	[-0.8605645751953118, 0.0]	3.036540136669373	1555651714.0682592
1107	47	con	p+s+	352	8186	emospace1	[0.65156494140625, -0.6730041503906252]	1.4349604477447429	1555651731.5922613
1107	48	inc	p+s-	276	8341	emospace1	[0.0, 0.8514129638671872]	1.651830593761133	1555651749.1212642
1107	49	inc	p+s-	713	7501	emospace1	[-0.8207824707031245, 0.0]	1.0345671764002873	1555651766.6122644
1107	50	inc	p+s-	310	8470	emospace1	[-0.005731201171875024, -0.8363220214843758]	2.1357542543364616	1555651784.0972645
1107	51	con	p+s+	415	4490	emospace1	[0.6171246337890628, 0.6000323486328127]	2.102272161059318	1555651801.6112664
1107	52	inc	p+s-	134	4660	emospace1	[-0.6658374023437502, -0.6758471679687493]	1.5851284480277172	1555651819.105267
1107	53	inc	p-s+	200	3005	emospace1	[-0.6500506591796874, 0.6720617675781244]	1.7520151329322289	1555651836.5942671
1107	54	con	p0s0	152	9468	emospace1	[-0.6304962158203126, 0.6194049072265632]	1.868710044778254	1555651854.1132693
1107	55	con	p0s0	120	1945	emospace1	[-0.6907818603515625, 0.6801641845703128]	0.8677264161760831	1555651871.7052753
1107	56	con	p+s+	808	8341	emospace1	[0.6237957763671871, -0.5993371582031248]	2.102430045906658	1555651889.388287
1107	57	con	p-s-	502	6231	emospace1	[0.0, -0.8721752929687491]	2.736816765329877	1555651906.9972942
1107	58	inc	p+s-	709	8193	emospace1	[0.0, 0.9170135498046871]	3.57046376722883	1555651924.5642989
1107	59	con	p-s-	106	6213	emospace1	[-0.6495782470703125, 0.6325341796874995]	1.2848062548814596	1555651942.0713
1107	60	con	p0s0	132	7249	emoscale1	2.0	0.3170997093834558	1555652652.2219186
1107	61	inc	p-s+	201	9163	emoscale1	2.0	0.00019390420402487507	1555652669.7059186
1107	62	inc	p+s-	699	8380	emoscale1	4.0	0.6507404078952277	1555652687.2079196
1107	63	con	p-s-	283	9184	emoscale1	3	None	1555652704.6929195
1107	64	inc	p-s+	378	3120	emoscale1	2.0	0.28372597433872215	1555652722.1909204
1107	65	con	p0s0	104	2810	emoscale1	2.0	0.28373978175886805	1555652739.681921
1107	66	con	p-s-	420	3005	emoscale1	1.0	1.0178292814557608	1555652757.1749215
1107	67	inc	p-s+	109	3261	emoscale1	1.0	0.9344279615861524	1555652774.6719222
1107	68	con	p+s+	365	8193	emoscale1	5.0	1.8519964628994785	1555652792.1609225
1107	69	inc	p+s-	291	5621	emoscale1	4.0	0.18363658630187274	1555652809.6649237
1107	70	con	p+s+	353	4660	emoscale1	4.0	0.36713179662774564	1555652827.1469235
1107	71	con	p-s-	291	1525	emoscale1	3	None	1555652844.6309235
1107	72	inc	p+s-	624	4652	emoscale1	2.0	1.0511684979501297	1555652862.1149237
1107	73	inc	p-s+	365	6510	emoscale1	4.0	0.5006219342267286	1555652879.5999236
1107	74	con	p+s+	813	8034	emoscale1	4.0	2.502650424337844	1555652897.1139255
1107	75	con	p-s-	260	3102	emoscale1	1.0	0.16695302055359207	1555652914.6269271
1107	76	con	p0s0	368	7595	emoscale1	3	None	1555652932.119928
1107	77	con	p0s0	382	7079	emoscale1	3	None	1555652949.6349294
1107	78	con	p0s0	724	6570	emoscale1	2.0	0.850975614294839	1555652967.454949
1107	79	con	p-s-	423	2683	emoscale1	3	None	1555652984.95995
1107	80	inc	p-s+	210	3102	emoscale1	1.0	1.2847414200396088	1555653002.4769518
1107	81	inc	p+s-	625	5470	emoscale1	4.0	2.5860610492072738	1555653019.9609518
1107	82	inc	p+s-	424	4651	emoscale1	4.0	0.9177062753524297	1555653037.4749537
1107	83	inc	p-s+	366	6263	emoscale1	2.0	0.8843448469206123	1555653054.9909556
1107	84	inc	p+s-	711	8130	emoscale1	2.0	1.3848239043663852	1555653072.6149638
1107	85	inc	p+s-	420	8178	emoscale1	1.0	1.0011484171600387	1555653090.1659675
1107	86	inc	p+s-	241	8001	emoscale1	4.0	0.3504602373313901	1555653107.800976
1107	87	inc	p-s+	353	6370	emoscale1	2.0	2.1356008719085366	1555653125.3209782
1107	88	inc	p-s+	215	3101	emoscale1	1.0	0.333810889972483	1555653142.8429804
1107	89	inc	p-s+	351	6250	emoscale1	4.0	0.834322064677508	1555653160.3219802
1107	90	inc	p-s+	360	6230	emoscale1	4.0	0.6507737257998087	1555653177.8279812
1107	91	inc	p+s-	423	5270	emoscale1	2.0	0.30039693331127637	1555653195.3279824
1107	92	inc	p+s-	295	5623	emoscale1	1.0	0.20031384866251756	1555653212.8099823
1107	93	inc	p+s-	502	8034	emoscale1	4.0	0.36714080146703054	1555653230.2949824
1107	94	con	p0s0	322	9635	emoscale1	3	None	1555653247.8019838
1107	95	con	p0s0	358	2115	emoscale1	3	None	1555653265.3129854
1107	96	inc	p+s-	260	4490	emoscale1	2.0	0.00019090259138465626	1555653282.8809903
1107	97	con	p-s-	134	8230	emoscale1	1.0	0.3004317520235418	1555653300.36399
1107	98	inc	p+s-	283	4659	emoscale1	3	None	1555653317.8699915
1107	99	con	p-s-	624	9902	emoscale1	3	None	1555653335.3749926
1107	100	con	p+s+	817	8470	emoscale1	2.0	0.25034323445379414	1555653352.8519924
1107	101	inc	p+s-	312	8370	emoscale1	4.0	1.1513194190556533	1555653370.3379924
1107	102	con	p-s-	289	6263	emoscale1	2.0	0.6841246485864758	1555653387.8259928
1107	103	inc	p-s+	216	3015	emoscale1	1.0	0.20030844575921947	1555653405.3469946
1107	104	con	p-s-	711	3261	emoscale1	1.0	1.0345152484942446	1555653422.8239944
1107	105	con	p+s+	215	4651	emoscale1	3	None	1555653440.3079944
1107	106	inc	p-s+	813	9423	emoscale1	2.0	0.30040773911878205	1555653457.8329968
1107	107	con	p0s0	130	7092	emoscale1	2.0	0.3337598625503233	1555653475.3990016
1107	108	con	p0s0	728	2525	emoscale1	3	None	1555653492.9250038
1107	109	inc	p-s+	110	6213	emoscale1	2.0	0.30041044057088584	1555653510.530011
1107	110	con	p-s-	255	3063	emoscale1	1.0	1.134572819432833	1555653528.0980158
1107	111	con	p0s0	170	1112	emoscale1	3	None	1555653545.6400192
1107	112	con	p-s-	501	3195	emoscale1	1.0	0.3838297701186093	1555653563.2060237
1107	113	con	p0s0	377	6010	emoscale1	2.0	0.3838144618912338	1555653580.7030246
1107	114	con	p0s0	361	7632	emoscale1	3	None	1555653598.2150261
1107	115	con	p+s+	202	4668	emoscale1	3	None	1555653615.76403
1107	116	con	p+s+	201	4800	emoscale1	3	None	1555653633.2570305
1107	117	con	p+s+	110	8380	emoscale1	2.0	1.1012297008410314	1555653650.7420306
1107	118	inc	p-s+	202	9902	emoscale1	2.0	0.3171009100287847	1555653668.2430315
1107	119	inc	p+s-	255	9156	emoscale1	1.0	0.38383607350533566	1555653685.7270315
