2103	0	inc	p+s-	260	4490	emospace1	[-0.5158020019531252, 0.42204528808593766]	6.53365528635004	1555406760.1822715
2103	1	inc	p-s+	415	9325	emospace1	[-0.4561126708984373, 0.36184204101562495]	4.133595194058216	1555406777.6552708
2103	2	con	p-s-	502	6231	emospace1	[-0.30469482421875, 0.06703857421875002]	3.5670404275260807	1555406795.1422713
2103	3	inc	p+s-	420	8178	emospace1	[0.2386248779296877, 0.09952148437500002]	4.666780427800404	1555406812.6172707
2103	4	inc	p+s-	423	5270	emospace1	[-0.019151611328125026, -0.17888366699218747]	4.200705859329901	1555406830.0842698
2103	5	inc	p+s-	699	8380	emospace1	[0.014420166015624989, -0.15977050781250002]	7.700484640445211	1555406847.5512688
2103	6	inc	p-s+	601	3195	emospace1	[-0.5264105224609377, 0.5315850830078125]	4.000537588899533	1555406865.023268
2103	7	inc	p-s+	220	2683	emospace1	[0.21882995605468747, 0.11234680175781252]	4.633576884218201	1555406882.489267
2103	8	con	p+s+	220	5623	emospace1	[0.473387451171875, 0.27469970703125]	1.8668559483867284	1555406899.957266
2103	9	con	p0s0	723	9926	emospace1	[-0.3388824462890624, 0.301456298828125]	7.467528850003873	1555406917.419265
2103	10	inc	p-s+	360	6230	emospace1	[-0.5831457519531249, 0.3077069091796875]	6.583523485520345	1555406934.884264
2103	11	inc	p+s-	501	4656	emospace1	[0.06082824707031255, 0.25869384765625]	7.816913009051859	1555406952.3522632
2103	12	con	p-s-	288	9325	emospace1	[-0.004680786132812258, -0.26111328125]	6.150310276741948	1555406969.8262625
2103	13	inc	p-s+	815	9622	emospace1	[0.23963562011718753, -0.07684082031249996]	8.516890076727577	1555406987.3042622
2103	14	inc	p-s+	205	9253	emospace1	[-0.47417053222656236, 0.47398376464843767]	5.967156049660844	1555407004.7742615
2103	15	inc	p-s+	215	3101	emospace1	[-0.9186682128906253, 0.8666308593750003]	3.8668580495159404	1555407022.2402604
2103	16	con	p0s0	322	9635	emospace1	[-0.009484252929687478, -0.31182861328125017]	6.4171092545129795	1555407039.7072594
2103	17	con	p-s-	423	2683	emospace1	[-0.403597412109375, -0.08768920898437502]	4.234058282920159	1555407057.1742585
2103	18	inc	p-s+	201	9163	emospace1	[-0.3068383789062503, -0.0859057617187499]	6.400373760858201	1555407074.6442578
2103	19	con	p-s-	719	6821	emospace1	[-0.2048822021484373, -0.18002685546874997]	6.783598705944314	1555407092.1062565
2103	20	inc	p+s-	502	8034	emospace1	[0, 0]	None	1555407109.5752559
2103	21	con	p0s0	170	1112	emospace1	[-0.16241455078124994, -0.4189105224609376]	6.133705053096492	1555407127.042255
2103	22	con	p+s+	367	5470	emospace1	[0.12009521484374991, -0.36648193359375014]	4.383698299465323	1555407144.5082538
2103	23	inc	p-s+	716	9184	emospace1	[0.14604064941406247, -0.2660247802734375]	3.250370549134459	1555407161.9812531
2103	24	inc	p+s-	310	8470	emospace1	[0.07514160156250001, -0.21473449707031245]	5.88373371849957	1555407179.4592528
2103	25	con	p+s+	205	9156	emospace1	[0.11832336425781251, -0.32317626953124984]	4.633637516801173	1555407196.926252
2103	26	con	p+s+	815	8370	emospace1	[0.33726440429687515, 0.35180419921874995]	2.4002714058533456	1555407214.3952513
2103	27	con	p0s0	120	1945	emospace1	[0.11065307617187484, -0.34518310546875014]	8.650934312097888	1555407231.8612502
2103	28	con	p+s+	202	4668	emospace1	[0.24173767089843753, 0.22783325195312498]	1.76712015036901	1555407249.3372495
2103	29	inc	p-s+	200	3005	emospace1	[-0.6212017822265624, 0.402708740234375]	3.6670292615253857	1555407266.809249
2103	30	con	p-s-	106	6213	emospace1	[-0.32659851074218765, 0.11298339843750002]	4.05045891662121	1555407284.277248
2103	31	inc	p+s-	276	8341	emospace1	[-0.20062438964843765, 0.2430639648437499]	5.383713307532162	1555407301.7482474
2103	32	inc	p+s-	283	4659	emospace1	[0.03963623046874997, -0.2798315429687499]	4.266666906794853	1555407319.213246
2103	33	con	p-s-	624	9902	emospace1	[0.351732177734375, -0.20458679199218766]	8.61637584037635	1555407336.6802454
2103	34	con	p+s+	817	8470	emospace1	[0.08635681152343751, -0.20238952636718757]	8.86740494341575	1555407354.1462443
2103	35	inc	p+s-	624	4652	emospace1	[0.15285461425781252, 0.15158386230468754]	3.68354983968311	1555407371.6292443
2103	36	con	p0s0	728	2525	emospace1	[-0.06944824218749983, -0.5577587890624996]	6.3336136839934625	1555407389.1032438
2103	37	con	p+s+	808	8341	emospace1	[0.32490966796875004, -0.10488281250000007]	3.284072660648235	1555407406.5812433
2103	38	con	p-s-	709	9163	emospace1	[-0.02311401367187502, -0.3016668701171875]	8.133843727619023	1555407424.0512428
2103	39	con	p+s+	353	4660	emospace1	[0.398499755859375, 0.11949462890625008]	6.350202398769397	1555407441.5142415
2103	40	con	p0s0	720	7046	emospace1	[0, 0]	None	1555407458.9812405
2103	41	con	p0s0	373	9402	emospace1	[-0.41564086914062504, 0.19127136230468753]	3.6840436050333665	1555407476.45224
2103	42	inc	p-s+	210	3102	emospace1	[-0.6933776855468747, 0.7193945312499999]	1.899760531308857	1555407493.9162385
2103	43	inc	p+s-	719	5215	emospace1	[0.00367492675781251, -0.2607781982421875]	7.584047567162997	1555407511.3942385
2103	44	con	p-s-	277	3053	emospace1	[-0.608284912109375, 0.5312567138671878]	1.5336213681239315	1555407528.8762383
2103	45	inc	p-s+	311	8230	emospace1	[-0.3799145507812497, 0.597537841796875]	4.850313458451637	1555407546.3492377
2103	46	inc	p-s+	817	1525	emospace1	[-0.11763488769531254, -0.2596630859374999]	4.050562172111313	1555407563.8192372
2103	47	inc	p-s+	820	6821	emospace1	[0.292691650390625, 0.09500976562499999]	1.9336757573528303	1555407581.285236
2103	48	con	p-s-	625	6250	emospace1	[-0.2279693603515626, 0.06859130859374996]	3.700725970136773	1555407598.752235
2103	49	inc	p-s+	204	3053	emospace1	[-0.6614178466796874, 0.5109765625000001]	8.36695560193948	1555407616.2322347
2103	50	con	p-s-	420	3005	emospace1	[-0.4288476562500002, 0.5341192626953127]	4.5336555865123955	1555407633.703234
2103	51	con	p-s-	260	3102	emospace1	[-0.6109216308593749, 0.5942279052734374]	5.100394652086834	1555407651.169233
2103	52	inc	p-s+	351	6250	emospace1	[-0.39808105468749994, -0.13223083496093752]	4.733588830637018	1555407668.6362321
2103	53	inc	p-s+	110	6213	emospace1	[-0.074541015625, -0.2547918701171875]	5.050318441130003	1555407686.120232
2103	54	inc	p-s+	109	3261	emospace1	[-0.648140869140625, 0.6765826416015629]	1.8502315144160093	1555407703.5872312
2103	55	con	p+s+	360	4656	emospace1	[0.23771423339843717, 0.06594665527343752]	4.016893978823646	1555407721.0542302
2103	56	inc	p-s+	352	6231	emospace1	[-0.06602722167968754, -0.16838928222656255]	7.116899021533754	1555407738.53223
2103	57	inc	p+s-	289	8186	emospace1	[0.15199890136718755, -0.06805297851562506]	3.900387568279257	1555407756.0062294
2103	58	con	p+s+	200	4697	emospace1	[0.24697814941406246, 0.23595214843750004]	1.7002877346276364	1555407773.4762287
2103	59	inc	p+s-	703	4611	emospace1	[0.1914233398437499, 0.17408142089843753]	3.8002411495926935	1555407790.9422276
2103	60	con	p-s-	255	3063	emoscale1	1.0	1.000185799850442	1555408496.4075782
2103	61	inc	p+s-	255	9156	emoscale1	2.0	0.28302179591264576	1555408513.8735769
2103	62	inc	p-s+	378	3120	emoscale1	1.0	0.9001510411690106	1555408531.341576
2103	63	con	p+s+	366	7501	emoscale1	3	None	1555408548.8115754
2103	64	con	p0s0	132	7249	emoscale1	3.0	2.133460421631753	1555408566.2805746
2103	65	con	p+s+	355	8178	emoscale1	4.0	0.4000363795512385	1555408583.7435732
2103	66	con	p+s+	215	4651	emoscale1	4.0	1.1668191486096475	1555408601.2075722
2103	67	con	p0s0	382	7079	emoscale1	3	None	1555408618.6815715
2103	68	inc	p-s+	808	3010	emoscale1	1.0	1.56681770783689	1555408636.1465704
2103	69	inc	p-s+	365	6510	emoscale1	4.0	0.3175325419870205	1555408653.6115694
2103	70	con	p+s+	352	8186	emoscale1	5.0	0.8837481262435176	1555408671.0785687
2103	71	inc	p+s-	295	5623	emoscale1	4.0	0.4500912790535949	1555408688.5455675
2103	72	con	p0s0	152	9468	emoscale1	2.0	0.3000991732951661	1555408706.0165668
2103	73	inc	p+s-	625	5470	emoscale1	2.0	1.300082064100934	1555408723.4805658
2103	74	inc	p+s-	106	7405	emoscale1	3.0	2.2001760746225045	1555408740.952565
2103	75	con	p0s0	425	7560	emoscale1	4.0	0.23345916095240682	1555408758.4305649
2103	76	con	p+s+	813	8034	emoscale1	5.0	3.300203629431053	1555408775.9005642
2103	77	inc	p-s+	216	3015	emoscale1	1.0	1.3667821087055927	1555408793.367563
2103	78	con	p0s0	225	4279	emoscale1	2.0	0.33347200785829045	1555408810.8305619
2103	79	inc	p+s-	277	4647	emoscale1	4.0	0.9504925947203446	1555408828.3035612
2103	80	inc	p+s-	424	4651	emoscale1	4.0	0.2501832484776969	1555408845.7815611
2103	81	inc	p-s+	366	6263	emoscale1	3	None	1555408863.2545605
2103	82	inc	p+s-	422	4800	emoscale1	2.0	0.41667672207040596	1555408880.7165592
2103	83	inc	p+s-	291	5621	emoscale1	3	None	1555408898.1845584
2103	84	inc	p+s-	288	4668	emoscale1	5.0	1.3667860108016612	1555408915.6595578
2103	85	con	p0s0	368	7595	emoscale1	3	None	1555408933.1345572
2103	86	con	p+s+	110	8380	emoscale1	2.0	3.466893108356089	1555408950.6035566
2103	87	con	p0s0	358	2115	emoscale1	2.0	0.8502330152223294	1555408968.0995572
2103	88	con	p-s-	283	9184	emoscale1	2.0	0.3336668125448341	1555408985.5745566
2103	89	con	p-s-	291	1525	emoscale1	2.0	1.9500420526001108	1555409003.0355554
2103	90	inc	p+s-	709	8193	emoscale1	4.0	0.3334657044688356	1555409020.5025547
2103	91	con	p-s-	713	6510	emoscale1	2.0	0.3170886034167779	1555409037.9715538
2103	92	con	p+s+	415	4490	emoscale1	1.0	1.517760544516932	1555409055.4385526
2103	93	con	p0s0	724	6570	emoscale1	4.0	0.31688779550131585	1555409072.9035518
2103	94	con	p0s0	361	7632	emoscale1	4.0	0.850849246384314	1555409090.377551
2103	95	inc	p+s-	293	2300	emoscale1	3	None	1555409107.8675516
2103	96	inc	p-s+	355	3150	emoscale1	1.0	1.4834869258738763	1555409125.340551
2103	97	inc	p-s+	813	9423	emoscale1	4.0	1.1835201237154251	1555409142.80955
2103	98	inc	p+s-	711	8130	emoscale1	3	None	1555409160.2735488
2103	99	inc	p+s-	713	7501	emoscale1	3	None	1555409177.7405481
2103	100	inc	p-s+	202	9902	emoscale1	4.0	0.40015764471718285	1555409195.208547
2103	101	inc	p+s-	290	4697	emoscale1	5.0	1.0834184290633857	1555409212.6775463
2103	102	inc	p+s-	241	8001	emoscale1	2.0	0.8500571206968743	1555409230.1515455
2103	103	con	p0s0	377	6010	emoscale1	2.0	1.1667492110263993	1555409247.6235452
2103	104	con	p0s0	705	2309	emoscale1	3.0	1.633500343083142	1555409265.0985446
2103	105	con	p-s-	134	8230	emoscale1	1.0	1.0834880664860975	1555409282.5745442
2103	106	con	p+s+	716	4652	emoscale1	5.0	1.466838779160753	1555409300.0595443
2103	107	con	p-s-	711	3261	emoscale1	1.0	1.000155183395691	1555409317.5265434
2103	108	con	p0s0	104	2810	emoscale1	2.0	0.8167779364630405	1555409334.9935424
2103	109	inc	p+s-	134	4660	emoscale1	4.0	0.00020681114074250218	1555409352.4625416
2103	110	con	p-s-	289	6263	emoscale1	3	None	1555409369.9335408
2103	111	inc	p-s+	353	6370	emoscale1	3	None	1555409387.4135406
2103	112	con	p0s0	130	7092	emoscale1	3.0	8.916815996917649	1555409404.8885403
2103	113	con	p+s+	201	4800	emoscale1	4.0	3.666932609585274	1555409422.3625395
2103	114	con	p+s+	365	8193	emoscale1	3	None	1555409439.8305387
2103	115	con	p-s-	241	3010	emoscale1	1.0	0.8668088230606372	1555409457.2985377
2103	116	inc	p+s-	312	8370	emoscale1	4.0	8.283589701106393	1555409474.7645369
2103	117	con	p-s-	501	3195	emoscale1	1.0	2.1834684959703736	1555409492.235536
2103	118	inc	p-s+	610	3063	emoscale1	1.0	1.533479391824585	1555409509.6975348
2103	119	inc	p-s+	367	9429	emoscale1	4.0	1.166796036190135	1555409527.166534
