2121	0	con	p-s-	291	1525	emospace1	[-0.6321032714843754, 0.6848986816406247]	8.10834289844388	1555064745.5038917
2121	1	con	p+s+	220	5623	emospace1	[0.6629992675781251, 0.6658312988281246]	2.068969657384514	1555064763.0578957
2121	2	inc	p+s-	289	8186	emospace1	[0.6260144042968747, 0.6837976074218743]	3.6039341424057056	1555064780.6419013
2121	3	inc	p+s-	310	8470	emospace1	[0.8945886230468754, 0.0]	2.5360129453165428	1555064798.1599035
2121	4	con	p0s0	723	9926	emospace1	[0.6849029541015621, -0.670153198242188]	4.471376403549584	1555064815.7429092
2121	5	con	p-s-	255	3063	emospace1	[-0.8918865966796877, -0.04218994140625]	5.739345206076905	1555064833.2619112
2121	6	inc	p+s-	713	7501	emospace1	[-0.7087554931640628, -0.632991943359375]	5.522422282467232	1555064850.7799132
2121	7	con	p0s0	225	4279	emospace1	[0.8487133789062504, 0.0]	3.003252838318076	1555064868.3629189
2121	8	con	p0s0	130	7092	emospace1	[0.6396740722656251, -0.6526855468750004]	3.0365466305192967	1555064885.8899212
2121	9	inc	p-s+	352	6231	emospace1	[0.6926678466796881, -0.5960205078124999]	4.521511895956792	1555064903.4249241
2121	10	con	p0s0	104	2810	emospace1	[-0.5755224609375004, 0.6134710693359378]	5.172086463006053	1555064920.9689279
2121	11	con	p-s-	625	6250	emospace1	[-0.7356304931640623, 0.8337548828124995]	3.220111227439702	1555064938.5519335
2121	12	inc	p-s+	817	1525	emospace1	[0.5839538574218751, -0.7761682128906258]	4.187737126720094	1555064956.0709352
2121	13	con	p+s+	360	4656	emospace1	[0.9098156738281252, 0.3745599365234374]	3.9208561055038444	1555064973.653941
2121	14	con	p+s+	813	8034	emospace1	[0.81934814453125, 0.47457153320312473]	2.7529430727772706	1555064991.1589422
2121	15	inc	p-s+	415	9325	emospace1	[-1.0, 0.2769012451171876]	4.421344166321433	1555065008.7279472
2121	16	con	p0s0	170	1112	emospace1	[-0.43022521972656264, 1.0]	5.739324495008987	1555065026.275951
2121	17	con	p+s+	110	8380	emospace1	[0.4054016113281248, 0.845562133789062]	4.120979651524976	1555065043.8279548
2121	18	inc	p+s-	423	5270	emospace1	[-1.0, 0.21633483886718757]	3.537073412031532	1555065061.328956
2121	19	con	p-s-	260	3102	emospace1	[-1.0, 0.5970690917968746]	5.972863398199479	1555065078.9289625
2121	20	inc	p+s-	711	8130	emospace1	[-0.274149169921875, 0.9625036621093745]	2.803004725725259	1555065096.4309635
2121	21	inc	p+s-	241	8001	emospace1	[-0.3981060791015632, -0.5198242187499998]	5.472416759515909	1555065114.0229695
2121	22	inc	p+s-	134	4660	emospace1	[0.17348937988281252, 0.6481347656249998]	6.423400265101009	1555065131.5159702
2121	23	con	p+s+	367	5470	emospace1	[0.1593603515625, 0.6844360351562503]	2.686232122447109	1555065149.1009762
2121	24	con	p0s0	152	9468	emospace1	[0.45877685546875, -0.6920733642578122]	3.62047178011926	1555065166.6249785
2121	25	inc	p-s+	367	9429	emospace1	[-0.8537811279296882, 0.24534667968750093]	6.923816287424415	1555065184.2029836
2121	26	inc	p-s+	202	9902	emospace1	[-0.6677178955078127, 0.7011236572265628]	4.17103410062191	1555065201.688984
2121	27	con	p0s0	361	7632	emospace1	[0.09147521972656258, 0.6734490966796876]	4.921812116393994	1555065219.1779842
2121	28	inc	p+s-	106	7405	emospace1	[0.0, 0.7426647949218753]	2.86972768247324	1555065236.727988
2121	29	con	p0s0	724	6570	emospace1	[0, 0]	None	1555065254.2419899
2121	30	inc	p-s+	201	9163	emospace1	[-0.33783264160156257, 0.293936767578125]	4.254490099508985	1555065271.8299959
2121	31	con	p0s0	368	7595	emospace1	[0.22777038574218755, 0.4558142089843752]	2.1188716249962454	1555065289.3299968
2121	32	con	p-s-	711	3261	emospace1	[-0.7227008056640628, 0.74240234375]	3.220219585346058	1555065306.9290032
2121	33	con	p-s-	709	9163	emospace1	[-0.6691143798828122, -0.5180670166015623]	2.6027800256451883	1555065324.4170036
2121	34	con	p-s-	283	9184	emospace1	[-0.245283203125, -0.26110839843749994]	4.604833723142292	1555065342.0030093
2121	35	inc	p+s-	290	4697	emospace1	[-0.6049060058593746, 0.6128552246093752]	4.605138385953978	1555065359.5200114
2121	36	inc	p-s+	200	3005	emospace1	[-1.0, 0.46751220703125007]	5.288910093553568	1555065377.1000168
2121	37	inc	p+s-	260	4490	emospace1	[0.0, 0.5673852539062505]	4.9885263684918755	1555065394.6520207
2121	38	con	p+s+	215	4651	emospace1	[0.3839550781249997, 0.8184442138671876]	3.203417206153972	1555065412.154022
2121	39	inc	p-s+	366	6263	emospace1	[-0.1928179931640626, 0.8467889404296876]	6.506728995975209	1555065429.743028
2121	40	inc	p+s-	502	8034	emospace1	[-0.40080627441406225, 0.785016479492187]	4.9384298969380325	1555065447.2570295
2121	41	inc	p+s-	420	8178	emospace1	[0.0, 1.0]	2.81967983690447	1555065464.8410356
2121	42	con	p-s-	501	3195	emospace1	[-1.0, 1.0]	2.1523142967598687	1555065482.3290355
2121	43	inc	p+s-	699	8380	emospace1	[0.0, 0.7728155517578127]	1.4683474848970945	1555065499.8100355
2121	44	con	p+s+	815	8370	emospace1	[1.0, 1.0]	2.602810642007171	1555065517.3310378
2121	45	con	p0s0	373	9402	emospace1	[-0.5443908691406251, 0.5339404296874999]	2.7529853953947168	1555065534.8970423
2121	46	inc	p+s-	719	5215	emospace1	[-0.6798468017578128, 0.6532867431640623]	4.688232691551093	1555065552.4600468
2121	47	inc	p-s+	815	9622	emospace1	[0.6206414794921884, 1.0]	2.7028703138948913	1555065569.9660482
2121	48	con	p0s0	425	7560	emospace1	[0.6326745605468749, 0.6773864746093758]	2.6528584875759407	1555065587.5500538
2121	49	con	p+s+	353	4660	emospace1	[1.0, 1.0]	2.953208894832642	1555065605.050055
2121	50	con	p-s-	241	3010	emospace1	[-0.8692095947265627, 0.8728607177734374]	2.9031472418864723	1555065622.6350608
2121	51	con	p+s+	355	8178	emospace1	[0.6012426757812498, 0.6770397949218747]	1.7019389161559957	1555065640.1540625
2121	52	inc	p+s-	276	8341	emospace1	[-0.6452087402343756, 0.6936035156249999]	4.50471251837007	1555065657.7550695
2121	53	inc	p+s-	501	4656	emospace1	[-0.2595617675781247, 0.9072241210937501]	5.422331093737739	1555065675.2380695
2121	54	con	p-s-	106	6213	emospace1	[-0.6762554931640629, 0.655955810546875]	3.553737417274533	1555065692.8230753
2121	55	inc	p-s+	808	3010	emospace1	[-0.6250476074218754, 0.6565960693359368]	4.204433849448833	1555065710.3260765
2121	56	inc	p+s-	422	4800	emospace1	[0.6135089111328123, 0.6344122314453124]	5.822721662456388	1555065727.910082
2121	57	inc	p-s+	378	3120	emospace1	[-0.9348504638671868, 0.8878210449218749]	1.7686210510892124	1555065745.411083
2121	58	con	p+s+	817	8470	emospace1	[0.4330047607421873, 0.43503295898437505]	3.4536609364040487	1555065762.896083
2121	59	con	p-s-	713	6510	emospace1	[-0.7189196777343752, 0.7339221191406246]	4.0042157528987445	1555065780.446087
2121	60	con	p+s+	201	4800	emoscale1	5.0	4.287826814650543	1555066488.0045571
2121	61	inc	p-s+	716	9184	emoscale1	2.0	0.4839564263147622	1555066505.4955573
2121	62	con	p0s0	720	7046	emoscale1	3	None	1555066523.0575619
2121	63	con	p0s0	358	2115	emoscale1	2.0	0.41713741823514283	1555066540.5725636
2121	64	con	p0s0	322	9635	emoscale1	4.0	1.1512736406330077	1555066558.1775706
2121	65	con	p+s+	716	4652	emoscale1	5.0	0.6674844036642753	1555066575.6615708
2121	66	con	p-s-	134	8230	emoscale1	2.0	0.7008130144749884	1555066593.2445765
2121	67	inc	p+s-	424	4651	emoscale1	4.0	1.134568513414706	1555066610.7645783
2121	68	inc	p-s+	210	3102	emoscale1	1.0	0.6674699959658028	1555066628.3045816
2121	69	inc	p+s-	291	5621	emoscale1	4.0	7.6745976049587625	1555066645.8835871
2121	70	inc	p+s-	283	4659	emoscale1	4.0	0.4171491244906065	1555066663.3855882
2121	71	con	p+s+	366	7501	emoscale1	4.0	0.2507975261996762	1555066680.986595
2121	72	inc	p-s+	110	6213	emoscale1	4.0	0.08353374042962969	1555066698.4685948
2121	73	con	p+s+	352	8186	emoscale1	5.0	0.6341269774566172	1555066716.0556006
2121	74	con	p+s+	808	8341	emoscale1	5.0	0.3505081115363282	1555066733.6066046
2121	75	inc	p-s+	360	6230	emoscale1	2.0	1.2847387643960246	1555066751.1236064
2121	76	inc	p+s-	288	4668	emoscale1	5.0	0.8676508726275642	1555066768.7006118
2121	77	inc	p-s+	205	9253	emoscale1	1.0	0.7675701895095699	1555066786.2116134
2121	78	inc	p-s+	813	9423	emoscale1	1.0	1.5683573301557772	1555066803.7796183
2121	79	con	p-s-	288	9325	emoscale1	2.0	2.018824559845598	1555066821.3166213
2121	80	con	p+s+	365	8193	emoscale1	4.0	0.5339667518310307	1555066838.830623
2121	81	inc	p+s-	709	8193	emoscale1	4.0	0.2504229260121065	1555066856.3166232
2121	82	inc	p-s+	365	6510	emoscale1	2.0	2.3692135076980776	1555066873.849626
2121	83	inc	p+s-	624	4652	emoscale1	5.0	0.6841355020133051	1555066891.40063
2121	84	con	p0s0	377	6010	emoscale1	2.0	0.3504711918048997	1555066908.951634
2121	85	inc	p-s+	220	2683	emoscale1	2.0	4.804973477826934	1555066926.5046377
2121	86	inc	p-s+	610	3063	emoscale1	1.0	0.6007380344053672	1555066944.0536416
2121	87	inc	p-s+	216	3015	emoscale1	1.0	0.61744466242817	1555066961.5576427
2121	88	con	p0s0	382	7079	emoscale1	3	None	1555066979.1616497
2121	89	inc	p-s+	215	3101	emoscale1	2.0	0.5506703782502882	1555066996.6596503
2121	90	con	p0s0	132	7249	emoscale1	3	None	1555067014.2626572
2121	91	con	p-s-	289	6263	emoscale1	2.0	1.5016367746920878	1555067031.7496574
2121	92	inc	p+s-	293	2300	emoscale1	4.0	0.3170996580574865	1555067049.3436637
2121	93	inc	p+s-	312	8370	emoscale1	5.0	0.6841063864540047	1555067066.8476648
2121	94	inc	p-s+	109	3261	emoscale1	1.0	0.5840431126380281	1555067084.4316707
2121	95	con	p+s+	415	4490	emoscale1	4.0	0.3170714429797954	1555067101.9346719
2121	96	con	p-s-	277	3053	emoscale1	1.0	0.5173069488337205	1555067119.5116773
2121	97	inc	p+s-	277	4647	emoscale1	5.0	0.6841652178918594	1555067137.0256789
2121	98	con	p+s+	205	9156	emoscale1	4.0	0.6006488867660664	1555067154.6206853
2121	99	con	p-s-	502	6231	emoscale1	2.0	0.5340114757327683	1555067172.1306868
2121	100	con	p+s+	200	4697	emoscale1	5.0	0.5840425123187742	1555067189.6596894
2121	101	con	p0s0	705	2309	emoscale1	4.0	0.31707774634742236	1555067207.2466955
2121	102	con	p-s-	420	3005	emoscale1	1.0	0.6341251764933986	1555067224.759697
2121	103	inc	p-s+	351	6250	emoscale1	2.0	0.7675227641648235	1555067242.3427026
2121	104	inc	p+s-	703	4611	emoscale1	5.0	0.6508282025915832	1555067259.8457036
2121	105	inc	p-s+	820	6821	emoscale1	4.0	1.4015551910943032	1555067277.4137084
2121	106	inc	p-s+	353	6370	emoscale1	2.0	0.35046698955920874	1555067294.9647124
2121	107	con	p-s-	624	9902	emoscale1	1.0	0.8176015262561123	1555067312.5167162
2121	108	inc	p+s-	625	5470	emoscale1	2.0	0.2837677454826917	1555067330.0167172
2121	109	con	p0s0	120	1945	emoscale1	3	None	1555067347.638725
2121	110	inc	p-s+	601	3195	emoscale1	1.0	1.5683630332041503	1555067365.1237254
2121	111	inc	p-s+	355	3150	emoscale1	1.0	0.5339664516723133	1555067382.7037306
2121	112	con	p+s+	202	4668	emoscale1	5.0	0.6674678948420478	1555067400.2137322
2121	113	inc	p+s-	255	9156	emoscale1	4.0	0.7675912007380248	1555067417.7897375
2121	114	con	p-s-	423	2683	emoscale1	2.0	0.4005079314374598	1555067435.3087397
2121	115	inc	p-s+	204	3053	emoscale1	1.0	0.8008972995157819	1555067452.901746
2121	116	con	p-s-	719	6821	emoscale1	2.0	0.46728251577769697	1555067470.4097471
2121	117	con	p0s0	728	2525	emoscale1	2.0	0.3838268170511583	1555067487.9507508
2121	118	inc	p+s-	295	5623	emoscale1	4.0	0.23364275869062112	1555067505.513755
2121	119	inc	p-s+	311	8230	emoscale1	2.0	0.400420884920095	1555067523.029757
