2900	0	inc	p-s+	109	3261	emospace1	[0, 0]	None	1554721561.2300022
2900	1	con	p-s-	134	8230	emospace1	[-1.0, 0.08781860351562504]	3.800160405720817	1554721578.6980011
2900	2	inc	p-s+	351	6250	emospace1	[-0.41986511230468787, 1.0]	6.900284912257121	1554721596.1660004
2900	3	inc	p-s+	220	2683	emospace1	[-0.3237567138671875, 0.4683288574218744]	7.983775429589514	1554721613.6319993
2900	4	inc	p-s+	815	9622	emospace1	[1.0, 0.8328570556640624]	5.200284431999535	1554721631.0969985
2900	5	con	p-s-	241	3010	emospace1	[-1.0, 1.0]	2.216830474204471	1554721648.5659974
2900	6	con	p0s0	728	2525	emospace1	[-1.0, 0.019639282226562513]	5.834360982509679	1554721666.0389967
2900	7	con	p+s+	200	4697	emospace1	[1.0, 1.0]	6.7335980347907025	1554721683.5189965
2900	8	inc	p-s+	378	3120	emospace1	[-1.0, -0.08460876464843797]	6.916952219266022	1554721700.9999964
2900	9	inc	p+s-	624	4652	emospace1	[-0.908859252929688, 0.8088946533203123]	6.316823810644564	1554721718.4659956
2900	10	inc	p+s-	276	8341	emospace1	[-1.0, -1.0]	4.65017955595431	1554721735.9339945
2900	11	inc	p+s-	703	4611	emospace1	[-1.0, -0.018545532226562435]	3.5335159109017695	1554721753.402994
2900	12	con	p-s-	625	6250	emospace1	[0.027214355468750215, 0.020761108398437464]	8.967021976544856	1554721770.8689928
2900	13	inc	p+s-	501	4656	emospace1	[1.0, 0.3942126464843752]	6.783755438907974	1554721788.334992
2900	14	con	p-s-	420	3005	emospace1	[0.005954589843750007, -1.0]	4.300630156756597	1554721805.801991
2900	15	inc	p+s-	241	8001	emospace1	[0.6577288818359375, -1.0]	4.250344283984305	1554721823.2769902
2900	16	con	p+s+	110	8380	emospace1	[1.0, 0.0]	3.6668537666519114	1554721840.75499
2900	17	inc	p+s-	719	5215	emospace1	[0.009072265624999498, 0.0]	6.800214434593727	1554721858.2309895
2900	18	inc	p+s-	295	5623	emospace1	[-0.03462341308593753, -0.4982727050781249]	8.083661008444324	1554721875.704989
2900	19	con	p0s0	377	6010	emospace1	[0.43348449707031234, -0.26585754394531247]	8.33370423154156	1554721893.1699882
2900	20	inc	p-s+	808	3010	emospace1	[-0.8484698486328122, -0.8095269775390611]	7.283481992777524	1554721910.6379871
2900	21	con	p+s+	220	5623	emospace1	[-1.0, 0.5394329833984384]	8.133639516958283	1554721928.1079862
2900	22	inc	p-s+	820	6821	emospace1	[1.0, 0.8736413574218757]	8.583697327851041	1554721945.5739853
2900	23	con	p0s0	104	2810	emospace1	[-0.7126055908203125, 0.6653173828125001]	2.7001985861243156	1554721963.0409844
2900	24	inc	p-s+	716	9184	emospace1	[1.0, 0.25955322265625025]	4.95023850745747	1554721980.5119836
2900	25	con	p0s0	152	9468	emospace1	[0.7371350097656254, -0.6539245605468751]	6.733607940082948	1554721997.9789827
2900	26	con	p+s+	201	4800	emospace1	[0.2676599121093751, 0.8841577148437506]	8.367020535773918	1554722015.4589825
2900	27	con	p0s0	723	9926	emospace1	[-1.0, -0.8673046874999994]	5.716833475808016	1554722032.9239817
2900	28	con	p-s-	709	9163	emospace1	[0.013619995117187781, -1.0]	7.883509547502399	1554722050.3949807
2900	29	inc	p+s-	310	8470	emospace1	[-1.0, 0.08662536621093779]	5.066864932619865	1554722067.8609798
2900	30	con	p0s0	358	2115	emospace1	[-0.9915875244140625, 0.0]	0.8502424695761874	1554722085.3379793
2900	31	con	p0s0	720	7046	emospace1	[-0.02088500976562506, -1.0]	2.2836143635158805	1554722102.8249798
2900	32	inc	p-s+	355	3150	emospace1	[-0.6336022949218751, -0.6555377197265627]	1.250135672504257	1554722120.2929788
2900	33	inc	p+s-	713	7501	emospace1	[0.38675781249999963, -0.8662457275390623]	3.1501342317333183	1554722137.7599778
2900	34	inc	p+s-	134	4660	emospace1	[0.4662377929687502, 0.7807214355468738]	6.100228061875896	1554722155.2279768
2900	35	con	p0s0	368	7595	emospace1	[-1.0, -0.46040222167968753]	5.033500002400615	1554722172.694976
2900	36	inc	p-s+	352	6231	emospace1	[0.01402465820312445, -0.9483721923828125]	2.58344879503602	1554722190.1689754
2900	37	inc	p-s+	360	6230	emospace1	[0.8196826171874999, -0.37966674804687506]	7.283661788860627	1554722207.645975
2900	38	inc	p+s-	424	4651	emospace1	[-0.3224200439453127, 0.8520068359375002]	6.133629611664219	1554722225.113974
2900	39	inc	p+s-	290	4697	emospace1	[-0.9037585449218752, 0.23366516113281263]	2.5338851082015026	1554722242.5819733
2900	40	inc	p-s+	813	9423	emospace1	[-0.6826141357421877, -0.6357849121093752]	2.416859169541567	1554722260.0469723
2900	41	inc	p+s-	423	5270	emospace1	[-0.013043823242187495, 0.0005975341796875056]	2.650627695438743	1554722277.512971
2900	42	inc	p-s+	215	3101	emospace1	[-0.5631787109374992, -0.6355328369140629]	4.567322076918572	1554722294.9829705
2900	43	con	p+s+	813	8034	emospace1	[-0.9200476074218749, -0.022670288085937504]	4.483691084515158	1554722312.4499693
2900	44	inc	p+s-	420	8178	emospace1	[0.23450988769531247, -0.5976031494140628]	5.700259818846462	1554722329.9149683
2900	45	inc	p-s+	210	3102	emospace1	[-0.8319091796875, -0.4438909912109377]	5.367019034971236	1554722347.3809674
2900	46	inc	p-s+	415	9325	emospace1	[-0.8258154296875012, 0.0]	5.050174513258753	1554722364.8519666
2900	47	con	p0s0	373	9402	emospace1	[-0.019506225585937554, -0.9320751953125]	3.650834205800493	1554722382.3179655
2900	48	con	p+s+	817	8470	emospace1	[0.663052368164063, -0.671417236328125]	6.433586508630469	1554722399.7859647
2900	49	inc	p-s+	610	3063	emospace1	[-0.6246911621093753, -0.6578332519531255]	1.1501873601264379	1554722417.2499635
2900	50	con	p-s-	719	6821	emospace1	[-0.6245025634765627, -0.7235089111328099]	7.83313242596887	1554722434.7169628
2900	51	inc	p+s-	283	4659	emospace1	[0.0, -0.012311401367187483]	2.8834894367537345	1554722452.1839619
2900	52	con	p-s-	255	3063	emospace1	[-0.02173400878906232, -0.9269696044921873]	5.4502111928613886	1554722469.652961
2900	53	con	p-s-	502	6231	emospace1	[0.6621697998046885, -0.6393487548828128]	4.050372018808048	1554722487.12596
2900	54	con	p-s-	423	2683	emospace1	[0.3523992919921875, -0.8087469482421876]	6.733596834148557	1554722504.620961
2900	55	con	p0s0	705	2309	emospace1	[0.6154296875000002, -0.6691857910156248]	8.550227641650054	1554722522.09096
2900	56	con	p+s+	352	8186	emospace1	[0.8407757568359374, -0.3387396240234376]	4.516818287691422	1554722539.553959
2900	57	con	p0s0	361	7632	emospace1	[-0.9401177978515628, -0.40756713867187494]	8.899536312204873	1554722557.0269582
2900	58	con	p-s-	711	3261	emospace1	[-0.8979687500000006, 0.0]	0.7499429695235449	1554722574.503958
2900	59	inc	p-s+	817	1525	emospace1	[0.0647271728515625, -0.9174285888671875]	8.567229927673907	1554722591.968957
2900	60	inc	p-s+	216	3015	emoscale1	1.0	3.083412475627483	1554723302.3905907
2900	61	inc	p+s-	625	5470	emoscale1	4.0	0.6001134006019129	1554723319.8575897
2900	62	con	p-s-	291	1525	emoscale1	2.0	0.36679781675411505	1554723337.325589
2900	63	con	p+s+	202	4668	emoscale1	5.0	0.38337627628061455	1554723354.7985885
2900	64	inc	p+s-	709	8193	emoscale1	3	None	1554723372.275588
2900	65	con	p0s0	130	7092	emoscale1	4.0	0.6333912843037979	1554723389.7495875
2900	66	inc	p+s-	291	5621	emoscale1	2.0	2.7835039044875884	1554723407.2425878
2900	67	con	p0s0	225	4279	emoscale1	4.0	0.40006309371710813	1554723424.7075868
2900	68	inc	p+s-	288	4668	emoscale1	4.0	1.5835604547064577	1554723442.1855867
2900	69	con	p-s-	288	9325	emoscale1	2.0	0.9003887677572493	1554723459.6625862
2900	70	inc	p-s+	601	3195	emoscale1	1.0	0.6001344118303678	1554723477.1305854
2900	71	con	p-s-	624	9902	emoscale1	2.0	0.00020771100025740452	1554723494.593584
2900	72	inc	p+s-	106	7405	emoscale1	3.0	4.216762037633089	1554723512.0665836
2900	73	inc	p+s-	255	9156	emoscale1	2.0	4.8837025506436476	1554723529.5445833
2900	74	con	p+s+	367	5470	emoscale1	4.0	0.5832629957458266	1554723547.0285835
2900	75	con	p+s+	815	8370	emoscale1	5.0	1.1161632776565966	1554723564.4975827
2900	76	inc	p+s-	260	4490	emoscale1	1.0	2.2001781752169336	1554723581.9645815
2900	77	con	p+s+	365	8193	emoscale1	4.0	2.7001211447404785	1554723599.4345808
2900	78	inc	p-s+	367	9429	emoscale1	2.0	3.850266182247651	1554723616.8995798
2900	79	con	p-s-	501	3195	emoscale1	1.0	0.7333492018133256	1554723634.369579
2900	80	inc	p-s+	366	6263	emoscale1	3	None	1554723651.854579
2900	81	con	p+s+	415	4490	emoscale1	1.0	0.4500485059215862	1554723669.3335788
2900	82	inc	p+s-	711	8130	emoscale1	2.0	0.4167382048963191	1554723686.802578
2900	83	inc	p+s-	277	4647	emoscale1	4.0	0.7335025837819558	1554723704.2735772
2900	84	con	p-s-	289	6263	emoscale1	2.0	3.2668335958733223	1554723721.7565773
2900	85	con	p+s+	355	8178	emoscale1	3.0	3.7331015694780945	1554723739.234577
2900	86	con	p+s+	716	4652	emoscale1	5.0	6.43354778793946	1554723756.701576
2900	87	inc	p+s-	289	8186	emoscale1	3.0	2.96686139072699	1554723774.185576
2900	88	con	p-s-	713	6510	emoscale1	2.0	2.866989018932145	1554723791.652575
2900	89	inc	p-s+	201	9163	emoscale1	2.0	0.4168813814103487	1554723809.1595764
2900	90	inc	p-s+	205	9253	emoscale1	1.0	1.1001818371732952	1554723826.6355758
2900	91	inc	p-s+	204	3053	emoscale1	2.0	0.5334273635835416	1554723844.1135757
2900	92	inc	p+s-	699	8380	emoscale1	3.0	3.849893983346192	1554723861.586575
2900	93	con	p-s-	106	6213	emoscale1	2.0	4.350009545099965	1554723879.051574
2900	94	inc	p+s-	422	4800	emoscale1	4.0	0.7167254180621967	1554723896.519573
2900	95	inc	p-s+	311	8230	emoscale1	2.0	0.3167868909149547	1554723913.9875722
2900	96	con	p+s+	808	8341	emoscale1	4.0	0.7835228145904694	1554723931.4565713
2900	97	con	p-s-	277	3053	emoscale1	1.0	8.766795775663923	1554723948.9305708
2900	98	con	p+s+	215	4651	emoscale1	4.0	0.23341943934792653	1554723966.4065702
2900	99	inc	p+s-	293	2300	emoscale1	2.0	2.1163634846452624	1554723983.8845701
2900	100	con	p0s0	382	7079	emoscale1	3	None	1554724001.3625698
2900	101	inc	p-s+	200	3005	emoscale1	1.0	0.6833884027619206	1554724018.8375692
2900	102	con	p+s+	353	4660	emoscale1	4.0	0.683337375492556	1554724036.3055682
2900	103	con	p0s0	724	6570	emoscale1	3	None	1554724053.7735674
2900	104	con	p+s+	205	9156	emoscale1	4.0	0.00020170779316686094	1554724071.2425666
2900	105	con	p-s-	283	9184	emoscale1	2.0	0.2833637295771041	1554724088.7125657
2900	106	con	p0s0	170	1112	emoscale1	2.0	1.0334147568464687	1554724106.1945658
2900	107	con	p0s0	425	7560	emoscale1	3	None	1554724123.6595647
2900	108	con	p-s-	260	3102	emoscale1	1.0	0.8500599720500759	1554724141.1275637
2900	109	con	p0s0	132	7249	emoscale1	3.0	2.0502627604182635	1554724158.598563
2900	110	inc	p+s-	312	8370	emoscale1	3	None	1554724176.0785627
2900	111	inc	p+s-	502	8034	emoscale1	2.0	0.8167505715045991	1554724193.546562
2900	112	inc	p-s+	353	6370	emoscale1	2.0	0.8667404861153045	1554724211.013561
2900	113	inc	p-s+	202	9902	emoscale1	2.0	0.3001700108543446	1554724228.4825602
2900	114	con	p0s0	322	9635	emoscale1	3.0	1.0836526039529417	1554724245.948559
2900	115	inc	p-s+	365	6510	emoscale1	2.0	2.8005896351005504	1554724263.412558
2900	116	con	p+s+	366	7501	emoscale1	4.0	1.7667378447040392	1554724280.8825572
2900	117	con	p0s0	120	1945	emoscale1	3.0	0.7667789666793396	1554724298.3485563
2900	118	inc	p-s+	110	6213	emoscale1	2.0	2.133358266657524	1554724315.8315563
2900	119	con	p+s+	360	4656	emoscale1	4.0	0.28308968312558136	1554724333.2975552
