3264	0	con	p-s-	423	2683	emoscale1	1.0	0.9511361405620846	1554799546.836016
3264	1	inc	p+s-	423	5270	emoscale1	2.0	0.4338762651041179	1554799564.3370168
3264	2	inc	p+s-	312	8370	emoscale1	4.0	0.3671762205012783	1554799581.8210168
3264	3	inc	p+s-	501	4656	emoscale1	4.0	0.8009102091473324	1554799599.3210177
3264	4	con	p-s-	283	9184	emoscale1	1.0	1.0511739008543373	1554799616.811018
3264	5	con	p+s+	220	5623	emoscale1	5.0	0.9844306330232939	1554799634.3090189
3264	6	con	p0s0	377	6010	emoscale1	2.0	0.3504524331383436	1554799651.8090198
3264	7	con	p-s-	289	6263	emoscale1	1.0	0.9010122039580892	1554799669.2990203
3264	8	inc	p+s-	420	8178	emoscale1	2.0	0.7004023962472274	1554799686.794021
3264	9	con	p0s0	382	7079	emoscale1	2.0	0.5339572486245743	1554799704.3010223
3264	10	inc	p+s-	625	5470	emoscale1	1.0	1.0344777283316944	1554799721.7810223
3264	11	inc	p-s+	204	3053	emoscale1	1.0	0.8510107331676409	1554799739.2910237
3264	12	con	p-s-	502	6231	emoscale1	3	None	1554799756.7910244
3264	13	con	p-s-	255	3063	emoscale1	1.0	1.084544934446967	1554799774.2830248
3264	14	con	p+s+	355	8178	emoscale1	5.0	0.9177185819662554	1554799791.7680252
3264	15	inc	p+s-	106	7405	emoscale1	2.0	0.4172188133907184	1554799809.2580254
3264	16	inc	p+s-	291	5621	emoscale1	2.0	0.4338900725251733	1554799826.7380252
3264	17	con	p+s+	716	4652	emoscale1	5.0	1.451661723009238	1554799844.2380261
3264	18	con	p-s-	625	6250	emoscale1	2.0	0.40051453651358315	1554799861.7230263
3264	19	con	p-s-	277	3053	emoscale1	1.0	0.7341771467981744	1554799879.2340279
3264	20	con	p-s-	260	3102	emoscale1	1.0	1.2013800216227537	1554799896.738029
3264	21	inc	p-s+	817	1525	emoscale1	3	None	1554799914.2270293
3264	22	inc	p-s+	365	6510	emoscale1	2.0	1.268039244288957	1554799931.7110295
3264	23	inc	p+s-	255	9156	emoscale1	2.0	0.3671320967896463	1554799949.1970294
3264	24	con	p-s-	106	6213	emoscale1	2.0	0.38382766898939735	1554799966.6970303
3264	25	con	p-s-	134	8230	emoscale1	2.0	0.3337598625512328	1554799984.1820307
3264	26	con	p-s-	241	3010	emoscale1	1.0	0.6340808550503425	1554800001.6840315
3264	27	con	p0s0	152	9468	emoscale1	4.0	0.26704000729841937	1554800019.172032
3264	28	con	p-s-	719	6821	emoscale1	2.0	0.3676786905289191	1554800036.6690328
3264	29	inc	p+s-	502	8034	emoscale1	4.0	0.30032429427592433	1554800054.1550329
3264	30	inc	p-s+	815	9622	emoscale1	4.0	0.28371847030575736	1554800071.6720347
3264	31	con	p+s+	813	8034	emoscale1	2.0	0.7341720440563222	1554800089.1570346
3264	32	inc	p+s-	711	8130	emoscale1	2.0	0.6174047933363909	1554800106.6570358
3264	33	inc	p-s+	215	3101	emoscale1	1.0	0.7174986837926554	1554800124.1420357
3264	34	con	p+s+	201	4800	emoscale1	5.0	1.0512678513441642	1554800141.6440368
3264	35	inc	p-s+	109	3261	emoscale1	1.0	0.7008274246563815	1554800159.129037
3264	36	inc	p-s+	205	9253	emoscale1	1.0	1.0512429379541572	1554800176.631038
3264	37	inc	p-s+	210	3102	emoscale1	1.0	1.1179090643308882	1554800194.1130378
3264	38	con	p0s0	225	4279	emoscale1	5.0	0.6841306518126657	1554800211.6140387
3264	39	inc	p+s-	241	8001	emoscale1	2.0	0.7675484805531596	1554800229.1080394
3264	40	con	p0s0	425	7560	emoscale1	2.0	7.524400412781688	1554800246.60204
3264	41	con	p+s+	110	8380	emoscale1	5.0	2.0188204140904418	1554800264.08604
3264	42	inc	p-s+	352	6231	emoscale1	2.0	0.43386395849120163	1554800281.5950415
3264	43	con	p0s0	728	2525	emoscale1	1.0	1.1012387056798616	1554800299.0940425
3264	44	con	p-s-	713	6510	emoscale1	2.0	1.668533069672776	1554800316.5720422
3264	45	inc	p-s+	820	6821	emoscale1	2.0	2.5360085509964847	1554800334.0570421
3264	46	inc	p+s-	310	8470	emoscale1	2.0	0.6340781535982387	1554800351.5590434
3264	47	con	p+s+	808	8341	emoscale1	4.0	0.3671789219533821	1554800369.0440435
3264	48	con	p+s+	367	5470	emoscale1	4.0	0.350443428298604	1554800386.5450444
3264	49	inc	p+s-	293	2300	emoscale1	2.0	0.33375355916177796	1554800404.0440452
3264	50	con	p0s0	723	9926	emoscale1	2.0	0.5506594243761356	1554800421.5300455
3264	51	con	p0s0	373	9402	emoscale1	2.0	0.3838159626993729	1554800439.0150454
3264	52	inc	p-s+	201	9163	emoscale1	1.0	0.6674521888053278	1554800456.5200467
3264	53	con	p-s-	420	3005	emoscale1	1.0	0.8009285189855291	1554800474.0330484
3264	54	inc	p-s+	360	6230	emoscale1	2.0	0.38382916979571746	1554800491.5160484
3264	55	inc	p-s+	366	6263	emoscale1	2.0	1.3515195065829175	1554800509.02405
3264	56	con	p+s+	215	4651	emoscale1	5.0	0.984443539959102	1554800526.5030494
3264	57	inc	p-s+	378	3120	emoscale1	1.0	1.0177824562924798	1554800544.0050507
3264	58	con	p0s0	358	2115	emoscale1	2.0	0.43387266317040485	1554800561.5020514
3264	59	inc	p-s+	311	8230	emoscale1	4.0	0.28373647998341767	1554800578.9890516
3264	60	inc	p+s-	277	4647	emospace1	[-0.690164794921875, 0.6646899414062497]	1.7195043616447947	1554801299.7662776
3264	61	inc	p+s-	624	4652	emospace1	[-0.9292565917968754, -0.015320434570312501]	2.419805003208239	1554801317.2452774
3264	62	con	p-s-	711	3261	emospace1	[-0.8973510742187498, 0.0]	2.6695515169867576	1554801334.7312775
3264	63	con	p+s+	817	8470	emospace1	[0.6212084960937508, 0.6700903320312496]	3.603839603403685	1554801352.2152777
3264	64	inc	p+s-	283	4659	emospace1	[-0.6267956542968751, 0.6207104492187498]	2.753299223002614	1554801369.7172787
3264	65	inc	p+s-	699	8380	emospace1	[-0.88614990234375, 0.020389404296875132]	4.9218626089659665	1554801387.2022786
3264	66	con	p0s0	705	2309	emospace1	[-0.5851666259765623, -0.6582373046875006]	1.7185972741754085	1554801404.70728
3264	67	inc	p+s-	134	4660	emospace1	[0.6244403076171877, -0.6729394531250005]	2.402625871143755	1554801422.1882799
3264	68	con	p0s0	170	1112	emospace1	[-0.6215740966796873, -0.6122753906249996]	2.4526624608060956	1554801439.6892807
3264	69	inc	p-s+	353	6370	emospace1	[-0.9463793945312501, 0.014118041992187745]	5.138741459659286	1554801457.174281
3264	70	con	p-s-	624	9902	emospace1	[-0.6648315429687499, 0.6369610595703126]	2.869900484520258	1554801474.676282
3264	71	inc	p-s+	367	9429	emospace1	[-0.642420654296875, 0.6437042236328127]	2.0689554566615698	1554801492.158282
3264	72	inc	p-s+	601	3195	emospace1	[-0.681409912109375, 0.6845361328125]	1.2180737928556482	1554801509.664283
3264	73	con	p0s0	368	7595	emospace1	[-0.06080017089843753, -0.9035809326171874]	2.9701693690185493	1554801527.145283
3264	74	inc	p-s+	808	3010	emospace1	[-0.674689331054687, 0.6460339355468747]	1.9188384838016646	1554801544.646284
3264	75	con	p-s-	291	1525	emospace1	[-0.6144177246093742, 0.6483679199218741]	4.955322490306571	1554801562.130284
3264	76	con	p+s+	815	8370	emospace1	[0.6605261230468742, 0.5944329833984379]	2.5861297861465573	1554801579.633285
3264	77	inc	p+s-	709	8193	emospace1	[0.5779638671875001, -0.6264233398437502]	4.60486015184506	1554801597.117285
3264	78	con	p+s+	205	9156	emospace1	[0.6764050292968752, -0.628529052734375]	3.0199121007626673	1554801614.6192863
3264	79	inc	p-s+	610	3063	emospace1	[-0.8740936279296879, 0.01750244140625]	2.5694480213660427	1554801632.1012862
3264	80	con	p0s0	724	6570	emospace1	[-0.8444573974609375, 0.0]	2.9364714597613784	1554801649.619288
3264	81	inc	p+s-	422	4800	emospace1	[-0.6889111328124998, 0.6395721435546874]	3.2369089148505736	1554801667.1042883
3264	82	inc	p+s-	276	8341	emospace1	[-0.6528179931640623, 0.6506994628906246]	2.2357932152735884	1554801684.6062891
3264	83	con	p-s-	501	3195	emospace1	[-0.6203167724609379, 0.6604736328125002]	2.9031367456864245	1554801702.0952897
3264	84	inc	p-s+	813	9423	emospace1	[-0.6016595458984372, -0.6337457275390626]	2.018888250546297	1554801719.5932906
3264	85	con	p+s+	360	4656	emospace1	[-0.6871911621093748, 0.6388043212890627]	2.219082334846462	1554801737.0752904
3264	86	con	p+s+	365	8193	emospace1	[0.6639013671875, 0.6520147705078129]	1.8854122205266322	1554801754.5782914
3264	87	con	p0s0	132	7249	emospace1	[-0.016586303710937552, -0.9017108154296875]	2.702924951869136	1554801772.0652914
3264	88	inc	p-s+	716	9184	emospace1	[-0.6690118408203126, -0.6418841552734372]	1.8520742046785017	1554801789.5682926
3264	89	inc	p-s+	216	3015	emospace1	[-0.6180517578125004, -0.6887103271484376]	1.9526045296752272	1554801807.0662935
3264	90	inc	p-s+	220	2683	emospace1	[-0.6521887207031254, 0.6982830810546875]	1.0846193744528136	1554801824.5512936
3264	91	con	p+s+	366	7501	emospace1	[0.668701171875, 0.6533673095703123]	2.0689509542426094	1554801842.0512948
3264	92	inc	p+s-	713	7501	emospace1	[-0.6734466552734373, 0.6688354492187496]	4.304559270152822	1554801859.5362947
3264	93	con	p+s+	415	4490	emospace1	[-0.6885540771484375, 0.6427288818359377]	3.3202183853591123	1554801877.0362957
3264	94	con	p0s0	120	1945	emospace1	[-0.6414086914062499, -0.6150628662109378]	1.5851125394783594	1554801894.5222957
3264	95	inc	p-s+	200	3005	emospace1	[-0.6440246582031248, 0.6439160156250003]	2.285854718325936	1554801912.0222967
3264	96	con	p+s+	352	8186	emospace1	[0.6131927490234378, 0.6107904052734378]	1.7686584770654008	1554801929.5072968
3264	97	con	p+s+	202	4668	emospace1	[0.6605462646484376, 0.6631311035156253]	2.3529737881144683	1554801947.0162983
3264	98	con	p0s0	130	7092	emospace1	[-0.6382861328125001, -0.6737896728515628]	1.3181919963790278	1554801964.5172992
3264	99	con	p0s0	720	7046	emospace1	[-0.053597412109375034, -0.8962396240234374]	2.8698866771010216	1554801981.9932988
3264	100	con	p0s0	104	2810	emospace1	[-0.6464184570312496, 0.659070434570312]	2.402391145000365	1554801999.479299
3264	101	inc	p+s-	703	4611	emospace1	[0.03537719726562499, -0.882965087890625]	2.769742059381315	1554802016.9803
3264	102	inc	p+s-	289	8186	emospace1	[-0.6261376953124995, 0.6354840087890636]	4.45472396866171	1554802034.4653
3264	103	inc	p+s-	424	4651	emospace1	[-0.6736047363281249, 0.7096362304687499]	1.7019140085885738	1554802051.981302
3264	104	inc	p+s-	260	4490	emospace1	[-0.6932873535156251, -0.6333660888671881]	2.4026240701750794	1554802069.4673018
3264	105	con	p0s0	361	7632	emospace1	[0.03150817871093752, -0.9135668945312503]	2.3859342010400724	1554802086.9733033
3264	106	inc	p-s+	110	6213	emospace1	[-0.6100341796874997, 0.6836492919921875]	3.753997698362582	1554802104.4523032
3264	107	inc	p+s-	295	5623	emospace1	[-0.6944531250000003, 0.70032958984375]	1.952201413039802	1554802121.9553041
3264	108	inc	p+s-	288	4668	emospace1	[-0.697152099609375, 0.6287078857421874]	2.1022958738012676	1554802139.4473047
3264	109	con	p+s+	200	4697	emospace1	[0.610169677734375, 0.67733642578125]	2.285828304131428	1554802156.9433055
3264	110	inc	p+s-	719	5215	emospace1	[-0.058266601562499985, -0.9048413085937499]	1.6685279669291049	1554802174.435306
3264	111	con	p-s-	288	9325	emospace1	[-0.6162536621093747, 0.6535961914062501]	1.5685091167997598	1554802191.9313066
3264	112	inc	p-s+	351	6250	emospace1	[-0.6937719726562495, -0.6579168701171876]	2.385913189747953	1554802209.4103062
3264	113	con	p0s0	322	9635	emospace1	[-0.6893798828124998, 0.6867205810546877]	1.2180897014059155	1554802226.9123075
3264	114	inc	p-s+	415	9325	emospace1	[-0.6617242431640622, -0.6301391601562503]	1.1847156661988265	1554802244.4003077
3264	115	con	p+s+	353	4660	emospace1	[0.8567120361328124, -0.03811767578125024]	2.5027815948287753	1554802261.8973083
3264	116	inc	p-s+	355	3150	emospace1	[-0.641724243164063, 0.6949761962890625]	2.269253096614193	1554802279.3823087
3264	117	inc	p-s+	202	9902	emospace1	[-0.6942211914062497, 0.6022784423828121]	2.1523495726596593	1554802296.8853097
3264	118	inc	p+s-	290	4697	emospace1	[-0.6968792724609376, 0.6469995117187494]	2.4196522211041156	1554802314.3713098
3264	119	con	p-s-	709	9163	emospace1	[-0.6028186035156253, 0.6387615966796876]	1.4850459637000313	1554802331.875311
