4484	0	con	p+s+	815	8370	emospace1	[0, 0]	None	1554899666.992743
4484	1	con	p+s+	352	8186	emospace1	[0.8980627441406251, 0.3795739746093749]	2.5193653907699627	1554899684.5107448
4484	2	con	p-s-	719	6821	emospace1	[-0.5561370849609375, 0.0]	2.9364439263008535	1554899701.994745
4484	3	inc	p+s-	424	4651	emospace1	[-0.5209753417968753, 0.22486511230468734]	3.0532660055541783	1554899719.4957461
4484	4	inc	p+s-	719	5215	emospace1	[-0.46765930175781256, 0.5001593017578126]	0.9512468925968278	1554899736.991747
4484	5	inc	p-s+	365	6510	emospace1	[-0.45455322265624964, 0.1967541503906249]	3.8874152724747546	1554899754.480747
4484	6	inc	p-s+	352	6231	emospace1	[-0.5030004882812502, 0.3973852539062502]	1.1346476517610427	1554899771.9747477
4484	7	con	p+s+	360	4656	emospace1	[0.08933227539062505, -0.29554382324218764]	6.673601151651383	1554899789.4667482
4484	8	con	p+s+	353	4660	emospace1	[0.11650268554687503, 0.20704406738281259]	1.034524046077422	1554899806.9517481
4484	9	con	p0s0	120	1945	emospace1	[0.10817932128906255, -0.5971252441406252]	8.441966260870686	1554899824.454749
4484	10	con	p-s-	283	9184	emospace1	[-0.694383544921875, 0.17312744140625003]	3.887454293209885	1554899841.9607506
4484	11	con	p-s-	241	3010	emospace1	[-0.9058758544921875, -0.20255432128906267]	8.775667689813417	1554899859.4557512
4484	12	inc	p-s+	820	6821	emospace1	[0.40958435058593745, -0.18062744140625006]	5.639082808604144	1554899876.9397514
4484	13	con	p0s0	382	7079	emospace1	[-0.09812744140625, -0.8564056396484369]	4.588126230279158	1554899894.4977553
4484	14	inc	p-s+	808	3010	emospace1	[-0.51926025390625, 0.4419085693359377]	3.80398383701322	1554899912.05976
4484	15	inc	p-s+	201	9163	emospace1	[-0.4770159912109377, 0.539874267578125]	3.8541353875443747	1554899929.5477605
4484	16	inc	p-s+	351	6250	emospace1	[-0.4629235839843753, 0.24317932128906286]	4.855130416304746	1554899947.02776
4484	17	con	p-s-	260	3102	emospace1	[-1.0, 0.328440551757812]	3.1366659242739843	1554899964.5127602
4484	18	inc	p-s+	353	6370	emospace1	[0.32443725585937533, -0.48998901367187486]	5.38890706521488	1554899982.0147612
4484	19	inc	p-s+	813	9423	emospace1	[-0.7067687988281249, -0.25471191406250004]	6.6401876957388595	1554899999.5017612
4484	20	inc	p-s+	360	6230	emospace1	[-0.4750225830078126, 0.0]	3.6204840252103168	1554900016.9987621
4484	21	inc	p+s-	709	8193	emospace1	[-0.2525604248046874, 0.25203369140625004]	5.872764186889981	1554900034.4847624
4484	22	inc	p+s-	699	8380	emospace1	[-0.6107904052734378, 0.3365643310546875]	1.1179485778739036	1554900051.9867635
4484	23	con	p-s-	291	1525	emospace1	[-0.8270452880859375, 0.2873620605468751]	3.770660729111114	1554900069.4697633
4484	24	con	p-s-	420	3005	emospace1	[-0.9065979003906249, -0.31526855468749987]	6.823696512325114	1554900086.9717646
4484	25	con	p-s-	711	3261	emospace1	[-0.819530029296875, 0.8649249267578123]	2.619786754683446	1554900104.4567645
4484	26	con	p0s0	373	9402	emospace1	[0.10704711914062509, -0.37554382324218677]	7.0238947976940835	1554900121.9577653
4484	27	inc	p-s+	220	2683	emospace1	[-0.10953857421875053, -0.5993890380859376]	8.225134036227246	1554900139.4437654
4484	28	con	p-s-	288	9325	emospace1	[-0.6970355224609371, -0.6158496093750003]	3.0198999748463393	1554900156.9467666
4484	29	con	p+s+	215	4651	emospace1	[0.1306463623046875, 0.8203149414062496]	3.3869038006778283	1554900174.4267666
4484	30	inc	p-s+	200	3005	emospace1	[-0.9518792724609374, 0.8801757812499996]	1.8019763702432101	1554900191.9287674
4484	31	inc	p-s+	110	6213	emospace1	[-0.7470483398437501, -0.2890161132812501]	2.435955866945733	1554900209.4127674
4484	32	con	p0s0	425	7560	emospace1	[0.23287597656249998, -0.3159313964843749]	4.8049974756577285	1554900226.9157686
4484	33	con	p0s0	322	9635	emospace1	[0.13539306640625, -0.5017327880859377]	1.5350721373324632	1554900244.3997688
4484	34	inc	p+s-	420	8178	emospace1	[0.23180236816406244, 0.6246923828124998]	1.4518126932634914	1554900261.8997695
4484	35	inc	p+s-	283	4659	emospace1	[-0.6561779785156255, 0.5351037597656244]	4.6214646463122335	1554900279.4027708
4484	36	con	p-s-	423	2683	emospace1	[-0.5379803466796877, 0.1646893310546875]	3.2033781751633796	1554900296.887771
4484	37	con	p0s0	723	9926	emospace1	[-0.6439276123046872, 0.2020355224609376]	2.3194738684142067	1554900314.4037728
4484	38	inc	p-s+	202	9902	emospace1	[-0.4896038818359371, 0.5706317138671877]	5.689247866313963	1554900331.889773
4484	39	inc	p+s-	289	8186	emospace1	[-0.7492413330078127, 0.7471789550781248]	3.1032950910121144	1554900349.391774
4484	40	con	p-s-	106	6213	emospace1	[-0.5127343750000001, 0.4836181640625001]	5.021878626303078	1554900366.8737738
4484	41	inc	p+s-	288	4668	emospace1	[-0.5229711914062501, 0.3412530517578125]	2.986506629622454	1554900384.3847754
4484	42	inc	p+s-	106	7405	emospace1	[-0.29046997070312497, 0.5623394775390627]	4.22109058753631	1554900401.881776
4484	43	inc	p+s-	134	4660	emospace1	[0.13777404785156253, 0.5150061035156253]	3.220093457664916	1554900419.361776
4484	44	inc	p+s-	295	5623	emospace1	[-0.4862933349609373, 0.0]	1.9187663324300956	1554900436.8477762
4484	45	con	p-s-	713	6510	emospace1	[-0.5309710693359373, 0.46204528808593737]	1.7018569667925476	1554900454.3467772
4484	46	con	p0s0	225	4279	emospace1	[0.16406860351562497, -0.48395446777343737]	4.271422233774501	1554900471.831777
4484	47	inc	p+s-	277	4647	emospace1	[-0.7765771484375001, 0.22593994140625007]	2.652919561453018	1554900489.3377783
4484	48	inc	p-s+	205	9253	emospace1	[-0.676126708984375, 0.8392248535156259]	1.735256015046616	1554900506.8197782
4484	49	inc	p+s-	312	8370	emospace1	[0.32655456542968736, 0.12581298828124998]	3.5370769026631024	1554900524.3207793
4484	50	con	p0s0	377	6010	emospace1	[-0.16445556640625, -0.779181518554688]	1.9854977935247007	1554900541.8037794
4484	51	con	p0s0	728	2525	emospace1	[-0.1855615234375001, -0.8896844482421876]	5.122307794365042	1554900559.3097806
4484	52	inc	p+s-	423	5270	emospace1	[-0.15360778808593747, -0.3541442871093752]	4.087615658962022	1554900576.7897804
4484	53	inc	p-s+	210	3102	emospace1	[-1.0, 0.5864117431640627]	2.3526084761433594	1554900594.2897813
4484	54	inc	p-s+	716	9184	emospace1	[0.6171173095703124, -0.2550366210937502]	4.638186232165026	1554900611.7807817
4484	55	con	p+s+	716	4652	emospace1	[0.6028070068359374, 0.4618865966796876]	2.018869527266361	1554900629.2757823
4484	56	con	p+s+	365	8193	emospace1	[0.19425903320312501, 0.025472412109375002]	5.889435946261074	1554900646.7607825
4484	57	con	p-s-	502	6231	emospace1	[-0.3487664794921875, 0.18583435058593756]	4.354676575134363	1554900664.269784
4484	58	con	p-s-	709	9163	emospace1	[-0.4067242431640626, 0.3339080810546874]	1.184717859072407	1554900681.7667847
4484	59	inc	p-s+	415	9325	emospace1	[-0.5334436035156249, 0.25937744140625]	2.9865216375983437	1554900699.2677858
4484	60	con	p0s0	130	7092	emoscale1	1.0	2.5694094842001505	1554901420.7450519
4484	61	con	p+s+	220	5623	emoscale1	4.0	0.33373924903571606	1554901438.2890553
4484	62	inc	p+s-	713	7501	emoscale1	3	None	1554901455.8070574
4484	63	con	p+s+	205	9156	emoscale1	4.0	0.4505931452004006	1554901473.2910573
4484	64	inc	p-s+	601	3195	emoscale1	2.0	0.25041707163109095	1554901490.7960587
4484	65	con	p0s0	361	7632	emoscale1	3	None	1554901508.2810585
4484	66	inc	p-s+	215	3101	emoscale1	2.0	0.30039963236413314	1554901525.7770593
4484	67	con	p0s0	152	9468	emoscale1	3.0	1.3347714975752751	1554901543.2660599
4484	68	inc	p+s-	310	8470	emoscale1	5.0	1.6184093227166159	1554901560.7630606
4484	69	con	p0s0	132	7249	emoscale1	3	None	1554901578.2680616
4484	70	inc	p-s+	366	6263	emoscale1	4.0	0.3337602602005063	1554901595.754062
4484	71	inc	p+s-	625	5470	emoscale1	1.0	1.0845246163808042	1554901613.2500627
4484	72	con	p-s-	255	3063	emoscale1	1.0	0.8176149806022295	1554901630.7350626
4484	73	inc	p-s+	378	3120	emoscale1	1.0	1.3180622182626394	1554901648.2360635
4484	74	inc	p+s-	703	4611	emoscale1	2.0	0.750938748849876	1554901665.7210636
4484	75	con	p+s+	366	7501	emoscale1	5.0	0.7676237152409158	1554901683.223065
4484	76	con	p+s+	367	5470	emoscale1	5.0	1.0178126656537643	1554901700.7070649
4484	77	con	p0s0	358	2115	emoscale1	2.0	3.253446281352808	1554901718.2200665
4484	78	con	p+s+	813	8034	emoscale1	1.0	1.9687750070370384	1554901735.7100668
4484	79	con	p0s0	724	6570	emoscale1	2.0	1.6851398833350686	1554901753.1930668
4484	80	con	p-s-	625	6250	emoscale1	1.0	0.800926712454384	1554901770.6770668
4484	81	inc	p+s-	290	4697	emoscale1	2.0	2.2190287918965623	1554901788.182068
4484	82	inc	p+s-	260	4490	emoscale1	1.0	0.7676276173151564	1554901805.664068
4484	83	con	p0s0	104	2810	emoscale1	1.0	1.384837802805123	1554901823.166069
4484	84	inc	p+s-	276	8341	emoscale1	1.0	0.6840977295323682	1554901840.650069
4484	85	con	p+s+	817	8470	emoscale1	4.0	0.3505109615252877	1554901858.15107
4484	86	con	p+s+	808	8341	emoscale1	5.0	2.168963387142867	1554901875.6530712
4484	87	inc	p-s+	610	3063	emoscale1	1.0	0.6340995605060016	1554901893.153072
4484	88	con	p+s+	110	8380	emoscale1	5.0	1.1679476473800605	1554901910.655073
4484	89	inc	p+s-	293	2300	emoscale1	3.0	4.3211088372372615	1554901928.152074
4484	90	inc	p+s-	255	9156	emoscale1	2.0	1.6351002922965563	1554901945.640074
4484	91	inc	p-s+	311	8230	emoscale1	2.0	1.5684279626184434	1554901963.1240742
4484	92	con	p0s0	368	7595	emoscale1	3	None	1554901980.6100743
4484	93	inc	p+s-	241	8001	emoscale1	4.0	0.5507275566233147	1554901998.1190758
4484	94	con	p-s-	289	6263	emoscale1	1.0	0.8176341908074392	1554902015.6180766
4484	95	inc	p-s+	355	3150	emoscale1	1.0	0.9510746010419098	1554902033.0960763
4484	96	con	p-s-	624	9902	emoscale1	2.0	0.3337641622747469	1554902050.5820763
4484	97	con	p+s+	200	4697	emoscale1	4.0	0.600961651023681	1554902068.0850775
4484	98	con	p+s+	202	4668	emoscale1	5.0	1.0344931296494906	1554902085.592079
4484	99	con	p-s-	501	3195	emoscale1	1.0	0.5840254511240346	1554902103.0890799
4484	100	inc	p+s-	711	8130	emoscale1	2.0	0.3004095376272744	1554902120.5690796
4484	101	con	p+s+	415	4490	emoscale1	2.0	0.33377016546728555	1554902138.0540795
4484	102	con	p-s-	134	8230	emoscale1	2.0	3.1699896324935253	1554902155.5540805
4484	103	inc	p-s+	817	1525	emoscale1	2.0	0.3337791702506365	1554902173.0390806
4484	104	inc	p-s+	109	3261	emoscale1	1.0	0.9010218029870884	1554902190.5410817
4484	105	inc	p+s-	501	4656	emoscale1	4.0	3.0198105273157125	1554902208.0240817
4484	106	inc	p-s+	204	3053	emoscale1	1.0	0.9844271245747223	1554902225.570085
4484	107	inc	p+s-	502	8034	emoscale1	2.0	0.30041013794834726	1554902243.1450906
4484	108	inc	p-s+	216	3015	emoscale1	1.0	0.5507317588562728	1554902260.6310906
4484	109	con	p0s0	170	1112	emoscale1	2.0	2.7529453151437338	1554902278.1160905
4484	110	inc	p-s+	815	9622	emoscale1	4.0	0.3337620611564489	1554902295.5990906
4484	111	inc	p+s-	422	4800	emoscale1	2.0	2.4025235009867174	1554902313.0840907
4484	112	inc	p-s+	367	9429	emoscale1	1.0	0.7175006798606773	1554902330.5840917
4484	113	con	p0s0	720	7046	emoscale1	1.0	2.5193173652478436	1554902348.0850925
4484	114	con	p-s-	277	3053	emoscale1	1.0	2.469251960494148	1554902365.5960941
4484	115	inc	p+s-	624	4652	emoscale1	4.0	0.8676377627052716	1554902383.0870948
4484	116	con	p0s0	705	2309	emoscale1	4.0	0.43387636189800105	1554902400.5780952
4484	117	inc	p+s-	291	5621	emoscale1	2.0	0.7509030298715516	1554902418.074096
4484	118	con	p+s+	201	4800	emoscale1	4.0	2.335795941962715	1554902435.558096
4484	119	con	p+s+	355	8178	emoscale1	4.0	1.8686706115622655	1554902453.0590968
