5104	0	inc	p-s+	817	1525	emospace1	[-0.4489147949218752, 0.1372320556640625]	4.154442734195982	1555582899.8170698
5104	1	con	p-s-	289	6263	emospace1	[0.13491821289062506, -0.07110900878906251]	5.3723297730321065	1555582917.3730738
5104	2	inc	p-s+	210	3102	emospace1	[-0.7417810058593745, 0.3483325195312501]	3.5871506733201386	1555582934.8520737
5104	3	con	p-s-	283	9184	emospace1	[-0.5032666015625002, 0.2654608154296876]	3.870774041648474	1555582952.358075
5104	4	inc	p-s+	365	6510	emospace1	[-0.1729876708984375, -0.12333068847656253]	3.153477418332841	1555582969.8370748
5104	5	inc	p+s-	255	9156	emospace1	[0.23314331054687495, -0.08633178710937503]	7.624543756182902	1555582987.3400757
5104	6	con	p-s-	134	8230	emospace1	[-0.43062622070312506, -0.22339233398437497]	3.4870420752849896	1555583004.8230758
5104	7	con	p0s0	705	2309	emospace1	[-0.20063232421875002, -0.19475769042968752]	1.668614207432256	1555583022.3300772
5104	8	inc	p-s+	353	6370	emospace1	[-0.07179870605468752, -0.48046142578124995]	4.554961471410934	1555583039.811077
5104	9	inc	p-s+	366	6263	emospace1	[0.14348876953125003, -0.24015441894531248]	6.473554367454199	1555583057.3160782
5104	10	con	p0s0	723	9926	emospace1	[-0.0097039794921875, -0.0847381591796875]	8.69228035462038	1555583074.7950778
5104	11	con	p-s-	713	6510	emospace1	[-0.11032043457031253, 0.10938232421875001]	3.1862579362405086	1555583092.31308
5104	12	con	p+s+	360	4656	emospace1	[-0.17773498535156249, 0.12344055175781248]	5.505747771609094	1555583109.79808
5104	13	con	p+s+	215	4651	emospace1	[-0.015850219726562493, 0.17609741210937502]	4.621539150522949	1555583127.298081
5104	14	con	p-s-	277	3053	emospace1	[-0.6078515624999997, 0.4541552734374996]	5.088656578074733	1555583144.7930815
5104	15	con	p-s-	423	2683	emospace1	[-0.3700909423828129, -0.12983764648437504]	4.471393212532348	1555583162.2860823
5104	16	inc	p+s-	424	4651	emospace1	[0.0, -0.23205505371093751]	2.986543809010982	1555583179.769082
5104	17	inc	p-s+	205	9253	emospace1	[-0.45892089843750006, 0.5604870605468751]	2.1690680499668815	1555583197.2720833
5104	18	inc	p-s+	202	9902	emospace1	[-0.525186767578125, 0.2920404052734376]	2.869727682475059	1555583214.7560833
5104	19	con	p-s-	106	6213	emospace1	[-0.21048278808593748, 0.1398565673828125]	3.1199876213850075	1555583232.2550843
5104	20	con	p-s-	719	6821	emospace1	[-0.12016113281250002, 0.16672790527343756]	2.5694919364905218	1555583249.7410843
5104	21	con	p-s-	255	3063	emospace1	[-0.4277746582031249, 0.6521691894531251]	4.738339068399	1555583267.2420855
5104	22	inc	p+s-	711	8130	emospace1	[0.039215087890625, -0.2217413330078125]	6.423827993679879	1555583284.7270854
5104	23	con	p-s-	624	9902	emospace1	[-0.08594482421875002, -0.12539367675781252]	3.453760889820842	1555583302.2290864
5104	24	inc	p-s+	351	6250	emospace1	[-0.0767352294921875, -0.20538940429687505]	5.1387152294191765	1555583319.7120864
5104	25	con	p0s0	724	6570	emospace1	[-0.03148803710937498, -0.19253479003906243]	7.307562361325836	1555583337.2130876
5104	26	con	p0s0	720	7046	emospace1	[0.0, -0.1485662841796875]	2.185744962107492	1555583354.7140884
5104	27	con	p+s+	202	4668	emospace1	[0.0, 0.09782714843750001]	3.787330949659008	1555583372.208089
5104	28	inc	p+s-	709	8193	emospace1	[0.15316955566406254, 0.07406982421875001]	3.420853704219553	1555583389.7020898
5104	29	con	p-s-	420	3005	emospace1	[-0.497218017578125, 0.15763122558593753]	3.236774632363449	1555583407.1860898
5104	30	inc	p-s+	716	9184	emospace1	[-0.10562561035156252, -0.10156188964843747]	7.090963010632549	1555583424.692091
5104	31	con	p+s+	366	7501	emospace1	[0.20317016601562501, 0.1473455810546875]	1.218066534755053	1555583442.173091
5104	32	con	p0s0	104	2810	emospace1	[-0.1581396484375, -0.1012646484375]	3.286845590284429	1555583459.6730917
5104	33	inc	p+s-	310	8470	emospace1	[0.5236346435546875, 0.18360595703125002]	1.535014611808947	1555583477.1740928
5104	34	con	p+s+	415	4490	emospace1	[0.13277709960937506, 0.10500244140625001]	4.7049384190904675	1555583494.6750937
5104	35	inc	p+s-	288	4668	emospace1	[0.1156390380859375, 0.1285968017578125]	3.4537794997650053	1555583512.1680942
5104	36	con	p0s0	382	7079	emospace1	[-0.0621929931640625, -0.30602233886718766]	4.2548604974508635	1555583529.666095
5104	37	inc	p-s+	601	3195	emospace1	[-0.22050903320312498, 0.25235351562499997]	4.204422743514442	1555583547.150095
5104	38	inc	p+s-	719	5215	emospace1	[0.0801568603515625, 0.13657775878906248]	4.671584294646891	1555583564.6570964
5104	39	inc	p+s-	291	5621	emospace1	[0.13856079101562502, 0.32922668457031246]	2.269147532440911	1555583582.148097
5104	40	con	p0s0	361	7632	emospace1	[0.13476135253906252, 0.2458001708984375]	3.954258255611421	1555583599.6380975
5104	41	con	p-s-	501	3195	emospace1	[-0.4212823486328126, 0.24078918457031248]	3.753987630989286	1555583617.1210973
5104	42	inc	p+s-	106	7405	emospace1	[0.17407470703125003, 0.18845275878906245]	5.472410456148282	1555583634.6220982
5104	43	inc	p+s-	422	4800	emospace1	[-0.07160400390625, 0.17976196289062502]	6.790379678899626	1555583652.1050982
5104	44	inc	p+s-	277	4647	emospace1	[-0.21986450195312499, 0.18156555175781253]	2.169107070818427	1555583669.6080992
5104	45	con	p0s0	358	2115	emospace1	[-0.36300659179687506, 0.107073974609375]	6.440553831967918	1555583687.1010997
5104	46	con	p0s0	132	7249	emospace1	[0.1169830322265625, 0.18665405273437505]	5.238848140446862	1555583704.5931003
5104	47	inc	p-s+	610	3063	emospace1	[-0.5745611572265625, 0.3318829345703124]	4.087640234940409	1555583722.0741003
5104	48	inc	p+s-	501	4656	emospace1	[-0.12032836914062499, 0.22394042968749997]	3.420275595277417	1555583739.5741012
5104	49	con	p+s+	365	8193	emospace1	[0.1469805908203125, 0.11438537597656254]	3.520423514324648	1555583757.0601013
5104	50	inc	p-s+	378	3120	emospace1	[-0.4439013671875002, 0.5259191894531251]	5.555800719905164	1555583774.5621023
5104	51	inc	p-s+	220	2683	emospace1	[-0.26782958984375005, 0.2696923828125]	3.1032884973719774	1555583792.0471025
5104	52	con	p+s+	808	8341	emospace1	[0.42173583984375, 0.3622039794921875]	1.4516204459669098	1555583809.5471034
5104	53	inc	p+s-	134	4660	emospace1	[-0.09979736328125002, 0.22578247070312507]	4.387972632575838	1555583827.0321035
5104	54	con	p+s+	352	8186	emospace1	[0.37046569824218745, 0.30486755371093754]	1.8353701217929483	1555583844.5341046
5104	55	inc	p+s-	699	8380	emospace1	[0.15134155273437505, 0.21911987304687502]	5.7393328995003685	1555583862.0361056
5104	56	con	p0s0	130	7092	emospace1	[-0.19860412597656238, 0.17079345703125004]	6.006250540289329	1555583879.544107
5104	57	con	p-s-	711	3261	emospace1	[-0.6376843261718749, 0.6329724121093749]	5.021918613305388	1555583897.0371075
5104	58	inc	p-s+	201	9163	emospace1	[-0.4842327880859376, 0.2675177001953125]	2.803053952031405	1555583914.5251076
5104	59	inc	p+s-	624	4652	emospace1	[0.08713928222656253, 0.18490234375000003]	4.204453660035142	1555583932.0221086
5104	60	inc	p-s+	813	9423	emoscale1	1.0	1.23481488507241	1555584727.4386039
5104	61	con	p+s+	201	4800	emoscale1	4.0	0.9511563979758648	1555584744.9386048
5104	62	inc	p-s+	815	9622	emoscale1	4.0	0.4505947978614131	1555584762.4226048
5104	63	inc	p-s+	215	3101	emoscale1	1.0	1.2681506997323595	1555584779.9236057
5104	64	inc	p-s+	367	9429	emoscale1	2.0	3.5537671331585443	1555584797.4086058
5104	65	inc	p-s+	808	3010	emoscale1	1.0	1.7018338600137213	1555584814.909607
5104	66	inc	p+s-	295	5623	emoscale1	2.0	2.7695758613408543	1555584832.396607
5104	67	con	p-s-	241	3010	emoscale1	1.0	0.8677292144930107	1555584849.8956077
5104	68	inc	p+s-	502	8034	emoscale1	4.0	0.5172835363227932	1555584867.380608
5104	69	inc	p+s-	289	8186	emoscale1	2.0	0.5172919408141752	1555584884.881609
5104	70	inc	p-s+	200	3005	emoscale1	1.0	1.2180020002706442	1555584902.366609
5104	71	inc	p+s-	312	8370	emoscale1	5.0	0.6675912607679493	1555584919.8676102
5104	72	inc	p+s-	713	7501	emoscale1	3	None	1555584937.3526103
5104	73	con	p-s-	291	1525	emoscale1	3.0	8.125013207059965	1555584954.852611
5104	74	con	p-s-	709	9163	emoscale1	2.0	0.4005007275918615	1555584972.3416116
5104	75	inc	p+s-	423	5270	emoscale1	2.0	0.4338785647050827	1555584989.8396125
5104	76	con	p-s-	260	3102	emoscale1	1.0	1.0011562178806344	1555585007.3236125
5104	77	con	p+s+	367	5470	emoscale1	4.0	0.5840037916277652	1555585024.8246133
5104	78	inc	p+s-	283	4659	emoscale1	2.0	1.384844060667092	1555585042.3266146
5104	79	con	p+s+	110	8380	emoscale1	5.0	0.934460275570018	1555585059.8286154
5104	80	inc	p-s+	415	9325	emoscale1	2.0	0.5673505921586184	1555585077.3316164
5104	81	inc	p+s-	625	5470	emoscale1	2.0	0.36714840410786564	1555585094.8126163
5104	82	inc	p+s-	293	2300	emoscale1	2.0	1.9020462535190745	1555585112.3266182
5104	83	inc	p-s+	360	6230	emoscale1	2.0	1.0844984559735167	1555585129.8146183
5104	84	con	p-s-	502	6231	emoscale1	2.0	0.8509691579165519	1555585147.308619
5104	85	inc	p+s-	241	8001	emoscale1	2.0	0.5506787827398512	1555585164.8106198
5104	86	inc	p-s+	355	3150	emoscale1	1.0	1.051176448694605	1555585182.3026204
5104	87	inc	p+s-	703	4611	emoscale1	4.0	0.4171770394095802	1555585199.7876205
5104	88	con	p0s0	152	9468	emoscale1	4.0	0.4171998516030726	1555585217.293622
5104	89	con	p0s0	368	7595	emoscale1	4.0	0.4171929479125538	1555585234.7736218
5104	90	con	p+s+	815	8370	emoscale1	5.0	1.6184096781289554	1555585252.2576218
5104	91	inc	p-s+	352	6231	emoscale1	2.0	0.9343606223192182	1555585269.7496223
5104	92	con	p-s-	288	9325	emoscale1	2.0	0.31709515564944013	1555585287.246623
5104	93	con	p+s+	200	4697	emoscale1	4.0	0.4004959250232787	1555585304.730623
5104	94	con	p0s0	225	4279	emoscale1	4.0	0.4338650574864005	1555585322.2276237
5104	95	inc	p-s+	311	8230	emoscale1	2.0	0.367165513249347	1555585339.7126238
5104	96	con	p+s+	817	8470	emoscale1	5.0	0.7509001810540212	1555585357.215625
5104	97	con	p+s+	813	8034	emoscale1	5.0	0.5507661294177524	1555585374.7006252
5104	98	inc	p+s-	260	4490	emoscale1	2.0	0.617362418477569	1555585392.200626
5104	99	inc	p-s+	216	3015	emoscale1	1.0	0.7679033675594837	1555585409.6876261
5104	100	con	p0s0	728	2525	emoscale1	2.0	0.3671255919143732	1555585427.1936274
5104	101	con	p0s0	120	1945	emoscale1	2.0	0.4672591032649507	1555585444.6886282
5104	102	con	p0s0	322	9635	emoscale1	2.0	0.500625834447419	1555585462.189629
5104	103	con	p+s+	353	4660	emoscale1	4.0	0.6340828538741334	1555585479.6746292
5104	104	inc	p+s-	290	4697	emoscale1	2.0	0.467284616897814	1555585497.1786304
5104	105	inc	p-s+	109	3261	emoscale1	1.0	0.8176108312291035	1555585514.6596303
5104	106	con	p0s0	170	1112	emoscale1	1.0	1.5350071077991743	1555585532.1616313
5104	107	con	p+s+	355	8178	emoscale1	4.0	0.5506994938114076	1555585549.6446314
5104	108	con	p+s+	716	4652	emoscale1	4.0	0.23365386462319293	1555585567.1456323
5104	109	con	p0s0	377	6010	emoscale1	2.0	0.4005028287101595	1555585584.6306324
5104	110	inc	p+s-	276	8341	emoscale1	2.0	0.45055637733094045	1555585602.1326334
5104	111	inc	p-s+	110	6213	emoscale1	2.0	0.8175751121416397	1555585619.6156335
5104	112	con	p0s0	425	7560	emoscale1	2.0	0.81758021486894	1555585637.1186345
5104	113	con	p+s+	205	9156	emoscale1	3	None	1555585654.6196353
5104	114	inc	p-s+	204	3053	emoscale1	1.0	0.6343172791566758	1555585672.113636
5104	115	inc	p+s-	420	8178	emoscale1	3	None	1555585689.6046364
5104	116	con	p-s-	625	6250	emoscale1	2.0	0.38380970790967694	1555585707.0896366
5104	117	con	p+s+	220	5623	emoscale1	4.0	0.6173792274603329	1555585724.5926378
5104	118	con	p0s0	373	9402	emoscale1	2.0	0.6340765505083255	1555585742.0766377
5104	119	inc	p-s+	820	6821	emoscale1	4.0	0.36719012640242	1555585759.5776389
