5215	0	inc	p+s-	703	4611	emospace1	[0.0, 0.47535217285156245]	5.183657946807216	1554991352.2376866
5215	1	con	p0s0	322	9635	emospace1	[-0.4070709228515628, 0.3203326416015624]	3.23357162067623	1554991369.7176862
5215	2	inc	p-s+	716	9184	emospace1	[-0.26237426757812504, 0.36612548828125]	4.883743072299694	1554991387.1906857
5215	3	con	p0s0	373	9402	emospace1	[-0.6600170898437502, 0.28970703125]	3.7836044582218165	1554991404.6716857
5215	4	con	p-s-	709	9163	emospace1	[-0.6622210693359379, 0.0]	3.950172172008024	1554991422.139685
5215	5	inc	p+s-	134	4660	emospace1	[0.4126922607421876, 0.10556762695312517]	4.66689849055183	1554991439.6026835
5215	6	inc	p-s+	201	9163	emospace1	[0.18884765625000008, 0.30205139160156264]	5.133704051444511	1554991457.073683
5215	7	inc	p+s-	255	9156	emospace1	[0.010728149414062476, -0.2614239501953125]	5.2174136858739075	1554991474.5366817
5215	8	inc	p-s+	366	6263	emospace1	[-0.0021002197265624885, -0.3550714111328126]	3.5835490486133494	1554991492.0096812
5215	9	con	p+s+	215	4651	emospace1	[0.42839904785156224, 0.38095825195312505]	5.450258918364852	1554991509.4906812
5215	10	con	p0s0	170	1112	emospace1	[0.4754589843750001, 0.35954711914062504]	4.233734007451858	1554991526.989682
5215	11	inc	p-s+	220	2683	emospace1	[-0.21625549316406256, 0.250802001953125]	4.966860190088482	1554991544.4726818
5215	12	inc	p+s-	283	4659	emospace1	[0.2468579101562501, -0.24269165039062496]	4.533702310516674	1554991561.938681
5215	13	inc	p-s+	367	9429	emospace1	[-0.36172363281250003, 0.040317382812500004]	4.200247812430462	1554991579.4226809
5215	14	con	p+s+	200	4697	emospace1	[0.39617614746093754, 0.3917547607421876]	3.833649902509933	1554991596.9296823
5215	15	con	p-s-	241	3010	emospace1	[-0.5973583984375003, 0.39768310546875013]	1.7168637920112815	1554991614.4066818
5215	16	inc	p+s-	295	5623	emospace1	[-0.3017211914062501, -0.19571044921874994]	2.8001706111717795	1554991631.8766813
5215	17	inc	p+s-	260	4490	emospace1	[-0.31574829101562496, -0.24640502929687505]	4.550255856727745	1554991649.3586812
5215	18	inc	p+s-	422	4800	emospace1	[0.11211425781250003, 0.49211975097656263]	4.533695706984872	1554991666.858682
5215	19	inc	p-s+	210	3102	emospace1	[-0.5095849609374999, 0.5025256347656252]	3.2670743245180347	1554991684.3576827
5215	20	con	p+s+	352	8186	emospace1	[0.5347503662109374, -0.23586853027343746]	1.8668830623064423	1554991701.8596838
5215	21	inc	p+s-	713	7501	emospace1	[-0.015176391601562485, -0.412835693359375]	2.1002670827256225	1554991719.327683
5215	22	con	p0s0	723	9926	emospace1	[-0.20567321777343753, -0.4199884033203125]	3.0168477034130774	1554991736.7916818
5215	23	con	p0s0	724	6570	emospace1	[-0.15000183105468756, 0.0]	1.0177331766099087	1554991754.260681
5215	24	inc	p+s-	291	5621	emospace1	[0.19544799804687493, 0.24204345703125005]	3.3171656933445774	1554991771.72768
5215	25	con	p-s-	134	8230	emospace1	[-0.42937561035156274, 0.0]	0.3837076533709478	1554991789.1956792
5215	26	inc	p-s+	204	3053	emospace1	[-0.3730029296875001, 0.30909667968750015]	1.5835772636928596	1554991806.69168
5215	27	con	p-s-	711	3261	emospace1	[-0.6325177001953125, 0.499956665039063]	2.766832695389894	1554991824.161679
5215	28	con	p-s-	288	9325	emospace1	[-0.48048522949218747, 0.2982867431640626]	3.0670657399314223	1554991841.6366787
5215	29	con	p-s-	501	3195	emospace1	[-0.5603192138671875, 0.4059606933593751]	1.4668379782160628	1554991859.2016833
5215	30	inc	p-s+	610	3063	emospace1	[-0.31908142089843755, 0.7100067138671873]	0.9177725576555531	1554991876.661682
5215	31	con	p+s+	366	7501	emospace1	[0.23459716796875005, -0.2011053466796875]	2.967456908972963	1554991894.1336813
5215	32	inc	p+s-	289	8186	emospace1	[0.332373046875, 0.0]	0.9333923048470751	1554991911.614681
5215	33	con	p0s0	152	9468	emospace1	[0.2826904296875, 0.2804803466796875]	2.9836493622169655	1554991929.0866807
5215	34	con	p-s-	106	6213	emospace1	[-0.4250048828125001, -0.17713684082031253]	0.6002253604310681	1554991946.546679
5215	35	inc	p+s-	420	8178	emospace1	[-0.3582879638671876, 0.0]	4.1836372357392975	1554991964.0166783
5215	36	inc	p+s-	624	4652	emospace1	[0.25411499023437495, 0.31346191406249996]	5.366971009305416	1554991981.4816773
5215	37	con	p0s0	728	2525	emospace1	[-0.1764385986328128, -0.30745300292968764]	3.81687213647092	1554991998.956677
5215	38	inc	p+s-	719	5215	emospace1	[0.20423950195312499, -0.3479272460937499]	1.7003165491623804	1554992016.445677
5215	39	inc	p+s-	293	2300	emospace1	[-0.19394226074218773, -0.11539306640625]	1.8003900284311385	1554992033.9306772
5215	40	con	p-s-	624	9902	emospace1	[-0.26642333984375005, 0.28375915527343754]	1.8168018989345	1554992051.4046767
5215	41	inc	p+s-	290	4697	emospace1	[-0.41177917480468723, 0.3159631347656253]	3.9669085159112	1554992068.9706814
5215	42	inc	p-s+	815	9622	emospace1	[0.2662054443359376, 0.5532965087890627]	2.3332720005564624	1554992086.4356802
5215	43	con	p0s0	382	7079	emospace1	[-0.004097290039062514, -0.3357025146484375]	1.7501737928723742	1554992103.9076798
5215	44	con	p-s-	283	9184	emospace1	[-0.3640625000000002, 0.0]	0.31694327448349213	1554992121.3756788
5215	45	inc	p+s-	310	8470	emospace1	[0.3274530029296876, 0.08047790527343751]	1.6834613417413493	1554992138.8526783
5215	46	con	p-s-	719	6821	emospace1	[-0.3701562500000002, 0.0]	0.31682651209121104	1554992156.3226779
5215	47	inc	p+s-	276	8341	emospace1	[-0.19984436035156256, 0.2103131103515625]	0.5334967006347142	1554992173.8036776
5215	48	con	p+s+	817	8470	emospace1	[0.35983032226562506, 0.22078308105468755]	1.5669991043214395	1554992191.2736769
5215	49	inc	p+s-	711	8130	emospace1	[0, 0]	None	1554992208.7556767
5215	50	con	p-s-	423	2683	emospace1	[-0.41813171386718767, 0.0329730224609375]	1.9506944511158508	1554992226.2606778
5215	51	con	p0s0	358	2115	emospace1	[-0.45251037597656263, 0.33031372070312504]	0.6668468629650306	1554992243.7686794
5215	52	con	p0s0	425	7560	emospace1	[-0.012505493164062485, -0.421417236328125]	6.817381208518782	1554992261.2576797
5215	53	inc	p-s+	813	9423	emospace1	[-0.3735968017578124, -0.20459594726562497]	0.8001790156667994	1554992278.7406797
5215	54	con	p+s+	813	8034	emospace1	[0.3458648681640624, -0.23761535644531248]	1.3836833403765922	1554992296.2076788
5215	55	inc	p-s+	415	9325	emospace1	[-0.6721905517578126, 0.22876953124999996]	1.6494858852565812	1554992313.695679
5215	56	inc	p-s+	351	6250	emospace1	[-0.25851684570312516, 0.1821905517578125]	3.150323032627057	1554992331.1576777
5215	57	con	p0s0	377	6010	emospace1	[-0.04059265136718751, -0.21824768066406253]	2.0170163935617893	1554992348.6456778
5215	58	con	p0s0	720	7046	emospace1	[0.0060467529296875005, -0.510057373046875]	1.1169572019280167	1554992366.1246777
5215	59	con	p-s-	277	3053	emospace1	[-0.5203131103515627, 0.43531372070312496]	0.5669570818645298	1554992383.6036775
5215	60	con	p+s+	360	4656	emoscale1	4.0	0.26676245785711217	1554993091.610173
5215	61	con	p+s+	355	8178	emoscale1	4.0	0.4500743197168049	1554993109.093173
5215	62	inc	p+s-	312	8370	emoscale1	4.0	0.9335375824848597	1554993126.5611722
5215	63	inc	p-s+	200	3005	emoscale1	2.0	0.21675093170051696	1554993144.0261712
5215	64	inc	p-s+	808	3010	emoscale1	1.0	0.6334315057974891	1554993161.4971702
5215	65	inc	p+s-	423	5270	emoscale1	3	None	1554993178.9821703
5215	66	inc	p+s-	625	5470	emoscale1	4.0	0.13333275302284164	1554993196.4831712
5215	67	con	p0s0	705	2309	emoscale1	2.0	0.28334451931368676	1554993213.9501705
5215	68	con	p-s-	291	1525	emoscale1	2.0	0.00019120217984891497	1554993231.4131694
5215	69	con	p-s-	713	6510	emoscale1	3	None	1554993248.9221709
5215	70	inc	p-s+	215	3101	emoscale1	2.0	0.0002026082729571499	1554993266.3961701
5215	71	con	p+s+	415	4490	emoscale1	2.0	0.00019450394393061288	1554993283.8681698
5215	72	con	p0s0	120	1945	emoscale1	2.0	0.7667492507971474	1554993301.3501697
5215	73	con	p+s+	808	8341	emoscale1	4.0	0.30013819385203533	1554993318.8161685
5215	74	con	p-s-	502	6231	emoscale1	2.0	0.633337255429069	1554993336.2901678
5215	75	inc	p-s+	202	9902	emoscale1	2.0	0.33342418188476586	1554993353.7661676
5215	76	con	p-s-	625	6250	emoscale1	3	None	1554993371.2331667
5215	77	inc	p+s-	709	8193	emoscale1	3	None	1554993388.7371676
5215	78	con	p+s+	202	4668	emoscale1	4.0	0.25009785229485715	1554993406.210167
5215	79	inc	p-s+	205	9253	emoscale1	2.0	0.8334355879778741	1554993423.6881669
5215	80	con	p0s0	368	7595	emoscale1	3.0	3.8168256116077828	1554993441.1701667
5215	81	con	p+s+	353	4660	emoscale1	4.0	0.4001852590008639	1554993458.6681676
5215	82	inc	p+s-	501	4656	emoscale1	4.0	0.0003631940926425159	1554993476.1691687
5215	83	con	p-s-	289	6263	emoscale1	3	None	1554993493.6781702
5215	84	inc	p-s+	311	8230	emoscale1	2.0	0.41675801548262825	1554993511.1711705
5215	85	con	p0s0	361	7632	emoscale1	3	None	1554993528.679172
5215	86	inc	p-s+	352	6231	emoscale1	3	None	1554993546.163172
5215	87	inc	p-s+	365	6510	emoscale1	3	None	1554993563.6731734
5215	88	con	p0s0	130	7092	emoscale1	2.0	0.00019990682994830422	1554993581.1801748
5215	89	inc	p+s-	502	8034	emoscale1	1.0	0.7001919825961522	1554993598.6751754
5215	90	con	p0s0	104	2810	emoscale1	2.0	0.00019990682994830422	1554993616.1561754
5215	91	con	p-s-	255	3063	emoscale1	1.0	0.20001728924034978	1554993633.6251745
5215	92	inc	p-s+	353	6370	emoscale1	2.0	0.2168382783747802	1554993651.1101747
5215	93	con	p+s+	365	8193	emoscale1	4.0	0.19987951561051887	1554993668.6061752
5215	94	inc	p-s+	820	6821	emoscale1	4.0	0.46673622383605107	1554993686.0751743
5215	95	inc	p-s+	355	3150	emoscale1	1.0	0.2501281684926653	1554993703.5411735
5215	96	con	p+s+	815	8370	emoscale1	5.0	0.2835693394554255	1554993721.0111725
5215	97	inc	p-s+	110	6213	emoscale1	2.0	0.00024282976664835587	1554993738.4751716
5215	98	con	p+s+	205	9156	emoscale1	4.0	0.566872136467282	1554993755.9431708
5215	99	con	p+s+	716	4652	emoscale1	4.0	0.38395948795005097	1554993773.4261706
5215	100	con	p+s+	367	5470	emoscale1	4.0	0.40000276147475233	1554993790.930172
5215	101	inc	p-s+	109	3261	emoscale1	2.0	0.43341271575627616	1554993808.4301727
5215	102	con	p+s+	201	4800	emoscale1	5.0	0.9502370066584263	1554993825.9291737
5215	103	con	p0s0	225	4279	emoscale1	4.0	0.33395786708570085	1554993843.3931725
5215	104	inc	p-s+	216	3015	emoscale1	2.0	0.3000835646598716	1554993860.8661718
5215	105	con	p-s-	420	3005	emoscale1	2.0	1.5000294157180178	1554993878.3611724
5215	106	inc	p+s-	288	4668	emoscale1	4.0	0.00019840602908516303	1554993895.8391724
5215	107	inc	p-s+	378	3120	emoscale1	2.0	0.2666486970629194	1554993913.317172
5215	108	inc	p+s-	106	7405	emoscale1	4.0	0.0002074108415399678	1554993930.801172
5215	109	con	p-s-	260	3102	emoscale1	2.0	0.25009875277464744	1554993948.2801719
5215	110	inc	p+s-	699	8380	emoscale1	4.0	0.1168731570141972	1554993965.7721722
5215	111	inc	p-s+	817	1525	emoscale1	4.0	0.00018790041576721705	1554993983.249172
5215	112	con	p+s+	110	8380	emoscale1	4.0	0.4834773703078099	1554994000.7511728
5215	113	inc	p-s+	360	6230	emoscale1	4.0	0.5500991730004898	1554994018.2131717
5215	114	con	p+s+	220	5623	emoscale1	4.0	0.46670140523201553	1554994035.684171
5215	115	inc	p+s-	241	8001	emoscale1	2.0	0.26685940966854105	1554994053.1941724
5215	116	inc	p+s-	424	4651	emoscale1	4.0	0.2166695882260683	1554994070.683173
5215	117	inc	p+s-	277	4647	emoscale1	4.0	0.250075940581155	1554994088.1541722
5215	118	inc	p-s+	601	3195	emoscale1	2.0	0.3667605968621501	1554994105.6221712
5215	119	con	p0s0	132	7249	emoscale1	4.0	1.2334350476885447	1554994123.1211722
