5513	0	inc	p+s-	699	8380	emospace1	[-0.1219287109375, 0.3182971191406251]	4.271146814298845	1555510122.647925
5513	1	inc	p-s+	355	3150	emospace1	[-0.741912841796875, 0.44695129394531186]	5.455676680649049	1555510140.179925
5513	2	inc	p+s-	283	4659	emospace1	[-0.7374676513671874, 0.0662176513671876]	7.624569643729046	1555510157.680925
5513	3	con	p-s-	501	3195	emospace1	[-0.5468841552734377, 0.35221618652343745]	1.3349620085828064	1555510175.168925
5513	4	inc	p+s-	106	7405	emospace1	[0.6050677490234372, 0.4628631591796882]	2.1524999534740346	1555510192.668925
5513	5	inc	p-s+	311	8230	emospace1	[0.0, 0.5398559570312502]	2.219072429525113	1555510210.145925
5513	6	con	p0s0	225	4279	emospace1	[0.40205749511718686, 0.135640869140625]	3.2201365013570467	1555510227.646925
5513	7	inc	p+s-	134	4660	emospace1	[0.3707788085937502, 0.2417419433593749]	2.052354135114001	1555510245.130925
5513	8	con	p+s+	366	7501	emospace1	[0.063173828125, -0.36141723632812495]	2.5360874934194726	1555510262.631925
5513	9	con	p0s0	720	7046	emospace1	[-0.16053161621093748, -0.3603057861328125]	3.136680251966027	1555510280.1149251
5513	10	inc	p-s+	415	9325	emospace1	[-0.5843847656250001, 0.6832879638671875]	1.7194608382560546	1555510297.618925
5513	11	con	p-s-	719	6821	emospace1	[-0.5591351318359382, 0.8823583984375]	2.419302833342954	1555510315.098925
5513	12	con	p0s0	368	7595	emospace1	[0.656329345703125, 0.34220458984375]	2.0522562825244677	1555510332.599925
5513	13	inc	p-s+	200	3005	emospace1	[-0.9216107177734382, 0.5712799072265626]	2.352656817773095	1555510350.082925
5513	14	inc	p-s+	215	3101	emospace1	[-1.0, 0.3473828125]	2.686248890153365	1555510367.5819252
5513	15	inc	p-s+	216	3015	emospace1	[-0.6370770263671869, 0.8920568847656238]	2.135647997234628	1555510385.067925
5513	16	inc	p+s-	277	4647	emospace1	[-0.7508312988281253, 0.10313537597656251]	3.3202264897154237	1555510402.570925
5513	17	inc	p-s+	366	6263	emospace1	[0.24682006835937506, 0.1134490966796875]	3.253574170757929	1555510420.054925
5513	18	inc	p+s-	424	4651	emospace1	[-0.1538635253906246, 0.16756713867187512]	4.421316915711941	1555510437.549925
5513	19	inc	p+s-	290	4697	emospace1	[-0.40889892578125, 0.25892700195312496]	4.004187250226096	1555510455.0369248
5513	20	con	p+s+	215	4651	emospace1	[-0.29877441406249994, 0.49784118652343756]	2.252578235540568	1555510472.550925
5513	21	con	p-s-	106	6213	emospace1	[-0.2076275634765625, 0.45442138671874993]	3.0533632774240687	1555510490.033925
5513	22	inc	p+s-	719	5215	emospace1	[0.07539611816406253, 0.5409899902343749]	4.1040064930894005	1555510507.544925
5513	23	inc	p-s+	360	6230	emospace1	[-0.9261199951171871, 0.6428515624999994]	2.018905960063421	1555510525.034925
5513	24	inc	p+s-	713	7501	emospace1	[-0.098604736328125, -0.6084185791015629]	2.219093140651239	1555510542.5199249
5513	25	inc	p+s-	312	8370	emospace1	[0.5293493652343749, -0.24301086425781263]	2.068970464730228	1555510560.0029252
5513	26	inc	p-s+	601	3195	emospace1	[-0.9777160644531254, 0.3982971191406251]	3.2535069346267846	1555510577.508925
5513	27	con	p0s0	170	1112	emospace1	[0.3168164062499999, 0.24377868652343754]	1.8854095190727094	1555510594.987925
5513	28	inc	p+s-	289	8186	emospace1	[0.133966064453125, 0.3284692382812502]	3.1033365330513334	1555510612.4869251
5513	29	con	p0s0	425	7560	emospace1	[0.5918853759765627, -0.45109802246093766]	1.968841455396614	1555510629.971925
5513	30	inc	p-s+	110	6213	emospace1	[0.4058673095703131, 0.47939453124999987]	2.46947989850014	1555510647.470925
5513	31	con	p0s0	322	9635	emospace1	[-0.028441162109375, -0.17520629882812497]	3.3703321164794033	1555510664.9539251
5513	32	inc	p-s+	202	9902	emospace1	[-0.5425274658203124, -0.1768518066406246]	2.4859950737518375	1555510682.454925
5513	33	inc	p-s+	353	6370	emospace1	[-0.10696166992187497, -0.09891723632812499]	3.0197713251109235	1555510699.954925
5513	34	inc	p-s+	610	3063	emospace1	[-0.8486077880859377, 0.5209765625000005]	2.135705027882068	1555510717.437925
5513	35	inc	p-s+	201	9163	emospace1	[-0.7462872314453123, -0.5928479003906256]	3.4203029708187387	1555510734.942925
5513	36	inc	p+s-	276	8341	emospace1	[0.34130615234374984, 0.5056335449218751]	1.6519653661889606	1555510752.422925
5513	37	con	p0s0	373	9402	emospace1	[0.058414306640625024, -0.055715942382812515]	1.5850570096372394	1555510769.922925
5513	38	con	p+s+	817	8470	emospace1	[0.9548864746093754, 0.3751721191406251]	1.4015723049597	1555510787.405925
5513	39	inc	p+s-	255	9156	emospace1	[-0.42316467285156256, -0.13983642578124994]	1.751950898411451	1555510804.905925
5513	40	con	p-s-	241	3010	emospace1	[-0.660530395507813, 0.2450469970703126]	6.0896815948872245	1555510822.3909252
5513	41	inc	p+s-	625	5470	emospace1	[0.17484863281250004, 0.48064147949218766]	8.909501366037148	1555510839.889925
5513	42	con	p+s+	808	8341	emospace1	[0.6777593994140626, 0.34318542480468767]	2.936593625414389	1555510857.3749251
5513	43	con	p-s-	420	3005	emospace1	[-0.677034912109375, -0.1620587158203125]	1.9021059917577077	1555510874.889925
5513	44	inc	p+s-	423	5270	emospace1	[0.7898010253906242, 0.3059692382812501]	2.285820499935653	1555510892.3749251
5513	45	inc	p+s-	709	8193	emospace1	[0.6169677734375, 0.3172113037109374]	1.651952159092616	1555510909.8749251
5513	46	con	p-s-	709	9163	emospace1	[-0.48882812500000006, 0.14510620117187495]	2.369245532550849	1555510927.3619251
5513	47	inc	p+s-	420	8178	emospace1	[0.4850628662109375, 0.13227416992187505]	2.9031379463303892	1555510944.856925
5513	48	con	p-s-	625	6250	emospace1	[-0.1081378173828125, -0.4123699951171876]	1.3015345446656283	1555510962.340925
5513	49	inc	p+s-	288	4668	emospace1	[-0.10032287597656254, 0.11253784179687491]	3.503763722623262	1555510979.8489249
5513	50	con	p+s+	415	4490	emospace1	[-0.16252197265625004, -0.14407531738281248]	4.4380491075899045	1555510997.340925
5513	51	inc	p-s+	351	6250	emospace1	[0.39570617675781256, -0.09809326171875003]	1.9525715119307279	1555511014.824925
5513	52	con	p-s-	289	6263	emospace1	[-0.15907897949218752, 0.25017578124999995]	2.869725190314057	1555511032.314925
5513	53	inc	p+s-	703	4611	emospace1	[0.2376153564453126, 0.31128540039062497]	1.9688858792724204	1555511049.808925
5513	54	inc	p+s-	711	8130	emospace1	[0.3849053955078126, 0.2456579589843749]	1.8186824599542888	1555511067.293925
5513	55	con	p+s+	205	9156	emospace1	[0.12812255859375007, 0.18798828125000006]	6.156523015470157	1555511084.793925
5513	56	con	p0s0	382	7079	emospace1	[-0.04233093261718755, 0.111414794921875]	4.104341172947898	1555511102.280925
5513	57	con	p0s0	728	2525	emospace1	[0.1376129150390625, -0.410469970703125]	1.117965794819611	1555511119.7819252
5513	58	con	p+s+	355	8178	emospace1	[0.16793212890625, 0.2797125244140626]	1.4684473436027474	1555511137.259925
5513	59	inc	p-s+	220	2683	emospace1	[-0.29268554687500004, -0.2980889892578126]	2.2357917144654493	1555511154.7619252
5513	60	inc	p-s+	815	9622	emoscale1	4.0	0.517285689329583	1555511877.259925
5513	61	con	p-s-	134	8230	emoscale1	2.0	0.45058804601285374	1555511894.773925
5513	62	inc	p+s-	422	4800	emoscale1	3	None	1555511912.259925
5513	63	inc	p-s+	378	3120	emoscale1	2.0	0.9343841380359663	1555511929.758925
5513	64	inc	p+s-	260	4490	emoscale1	2.0	0.3838333720523224	1555511947.241925
5513	65	inc	p-s+	367	9429	emoscale1	2.0	0.4338774657480826	1555511964.741925
5513	66	con	p0s0	358	2115	emoscale1	3	None	1555511982.238925
5513	67	con	p-s-	423	2683	emoscale1	2.0	0.36721193969788146	1555511999.7269251
5513	68	con	p+s+	200	4697	emoscale1	4.0	0.3671612124344392	1555512017.212925
5513	69	con	p-s-	711	3261	emoscale1	1.0	0.7509192440011248	1555512034.7099252
5513	70	inc	p-s+	817	1525	emoscale1	4.0	0.38382466737675713	1555512052.192925
5513	71	con	p0s0	361	7632	emoscale1	4.0	0.3838339723770332	1555512069.698925
5513	72	inc	p+s-	501	4656	emoscale1	3	None	1555512087.176925
5513	73	con	p-s-	283	9184	emoscale1	2.0	0.38384838011916145	1555512104.692925
5513	74	inc	p+s-	295	5623	emoscale1	3	None	1555512122.178925
5513	75	inc	p+s-	310	8470	emoscale1	5.0	0.6340694489190355	1555512139.660925
5513	76	inc	p+s-	624	4652	emoscale1	4.0	0.35050706249603536	1555512157.160925
5513	77	con	p0s0	377	6010	emoscale1	2.0	1.2179648343008012	1555512174.6449249
5513	78	con	p+s+	353	4660	emoscale1	4.0	0.4005010292530642	1555512192.1449249
5513	79	con	p+s+	201	4800	emoscale1	4.0	1.418210846510192	1555512209.629925
5513	80	con	p-s-	624	9902	emoscale1	2.0	0.3170898040625616	1555512227.130925
5513	81	con	p-s-	255	3063	emoscale1	1.0	0.5506987455046328	1555512244.6129248
5513	82	con	p+s+	367	5470	emoscale1	5.0	0.7678750560553453	1555512262.1139252
5513	83	con	p-s-	277	3053	emoscale1	1.0	0.7509096388421312	1555512279.622925
5513	84	inc	p+s-	241	8001	emoscale1	3	None	1555512297.121925
5513	85	inc	p-s+	813	9423	emoscale1	4.0	0.38381506221412565	1555512314.615925
5513	86	con	p0s0	104	2810	emoscale1	2.0	0.4338555539761728	1555512332.0979252
5513	87	con	p0s0	120	1945	emoscale1	2.0	0.31709850873812684	1555512349.582925
5513	88	inc	p+s-	291	5621	emoscale1	3	None	1555512367.0819252
5513	89	inc	p+s-	293	2300	emoscale1	4.0	0.3004011355697003	1555512384.5779252
5513	90	con	p-s-	260	3102	emoscale1	1.0	0.584035860869335	1555512402.063925
5513	91	con	p0s0	705	2309	emoscale1	3	None	1555512419.553925
5513	92	inc	p-s+	808	3010	emoscale1	1.0	1.1679783715771919	1555512437.048925
5513	93	inc	p-s+	352	6231	emoscale1	2.0	0.33376736658465234	1555512454.540925
5513	94	inc	p-s+	109	3261	emoscale1	1.0	0.6841504624571826	1555512472.032925
5513	95	con	p+s+	352	8186	emoscale1	5.0	1.968797331686801	1555512489.5169249
5513	96	con	p0s0	132	7249	emoscale1	4.0	1.234689522148983	1555512507.0199249
5513	97	con	p-s-	288	9325	emoscale1	1.0	0.9343562230351381	1555512524.504925
5513	98	inc	p+s-	502	8034	emoscale1	4.0	0.4672926230559824	1555512542.0029252
5513	99	con	p0s0	724	6570	emoscale1	4.0	0.38381776366804843	1555512559.484925
5513	100	con	p+s+	110	8380	emoscale1	5.0	0.9177023732554517	1555512576.987925
5513	101	con	p+s+	202	4668	emoscale1	4.0	0.35045663539494853	1555512594.478925
5513	102	inc	p-s+	205	9253	emoscale1	1.0	0.9010254110580718	1555512611.971925
5513	103	con	p+s+	813	8034	emoscale1	5.0	0.7175127913724282	1555512629.454925
5513	104	con	p+s+	815	8370	emoscale1	5.0	0.6841405571358337	1555512646.971925
5513	105	con	p+s+	220	5623	emoscale1	5.0	0.7342095642197819	1555512664.471925
5513	106	inc	p-s+	204	3053	emoscale1	1.0	0.684127950360562	1555512681.9649248
5513	107	inc	p-s+	365	6510	emoscale1	2.0	0.3671194900125556	1555512699.452925
5513	108	con	p-s-	291	1525	emoscale1	2.0	0.5172640777163906	1555512716.936925
5513	109	con	p+s+	365	8193	emoscale1	4.0	2.252469877312251	1555512734.437925
5513	110	inc	p-s+	716	9184	emoscale1	3	None	1555512751.925925
5513	111	inc	p-s+	820	6821	emoscale1	4.0	0.40053224602888804	1555512769.421925
5513	112	con	p-s-	713	6510	emoscale1	2.0	0.33377997335992404	1555512786.9049249
5513	113	con	p0s0	130	7092	emoscale1	2.0	0.3504419274904649	1555512804.4139252
5513	114	con	p0s0	723	9926	emoscale1	3	None	1555512821.9249249
5513	115	con	p0s0	152	9468	emoscale1	4.0	0.36715791066308157	1555512839.407925
5513	116	con	p+s+	360	4656	emoscale1	2.0	0.5173036990090623	1555512856.885925
5513	117	con	p-s-	502	6231	emoscale1	3.0	1.6684607307979604	1555512874.378925
5513	118	inc	p-s+	210	3102	emoscale1	1.0	0.6841321526189859	1555512891.886925
5513	119	con	p+s+	716	4652	emoscale1	3	None	1555512909.370925
