6546	0	inc	p-s+	815	9622	emospace1	[0.08380981445312499, 0.4008087158203127]	7.474910499160615	1554972677.8308034
6546	1	inc	p-s+	311	8230	emospace1	[-0.196795654296875, 0.2790905761718751]	8.825839335825549	1554972695.3988082
6546	2	con	p0s0	225	4279	emospace1	[-0.10005493164062501, -0.19994079589843747]	7.724700610800028	1554972712.966813
6546	3	con	p+s+	201	4800	emospace1	[0.2025311279296877, 0.38686645507812484]	6.7237082748388275	1554972730.485815
6546	4	con	p0s0	132	7249	emospace1	[0.34449523925781245, 0.09921997070312506]	8.942588892260574	1554972748.072821
6546	5	con	p+s+	415	4490	emospace1	[0.22852783203125002, 0.19612976074218755]	7.774978966138406	1554972765.5888228
6546	6	inc	p-s+	716	9184	emospace1	[0.24242431640624992, 0.33478942871093714]	5.956230660180154	1554972783.178829
6546	7	inc	p+s-	134	4660	emospace1	[0.3123736572265626, 0.4466998291015623]	8.975971122003102	1554972800.6738296
6546	8	con	p-s-	134	8230	emospace1	[-0.2354608154296873, 0.13604431152343754]	8.87588086325377	1554972818.2408342
6546	9	inc	p-s+	205	9253	emospace1	[-0.2285046386718751, -0.23840637207031257]	8.44220213337212	1554972835.7938383
6546	10	inc	p+s-	502	8034	emospace1	[-0.05920104980468758, 0.27794555664062504]	8.141775572987171	1554972853.3438423
6546	11	con	p+s+	808	8341	emospace1	[0.3365002441406249, 0.22559814453125]	4.821747225676518	1554972870.8448431
6546	12	con	p0s0	152	9468	emospace1	[0.5441088867187501, -0.12269653320312501]	4.221132733788181	1554972888.4188485
6546	13	inc	p+s-	241	8001	emospace1	[0.19884155273437504, 0.06288085937500003]	8.909229775001222	1554972905.9888532
6546	14	con	p+s+	716	4652	emospace1	[0.40995178222656264, 0.2679998779296876]	5.6392186419870995	1554972923.4988549
6546	15	con	p0s0	361	7632	emospace1	[-0.1210223388671875, -0.31035400390624995]	5.622537132305297	1554972941.0738602
6546	16	inc	p+s-	277	4647	emospace1	[-0.11219787597656249, 0.3560363769531253]	5.5725133144424035	1554972958.571861
6546	17	inc	p-s+	216	3015	emospace1	[-0.2807434082031251, -0.1116607666015625]	8.692361144254392	1554972976.053861
6546	18	inc	p-s+	415	9325	emospace1	[-0.44109375000000006, 0.19001525878906256]	5.889487212043605	1554972993.5758631
6546	19	inc	p-s+	355	3150	emospace1	[-0.4220080566406249, 0.3436260986328125]	7.441128753640442	1554973011.1388676
6546	20	inc	p+s-	310	8470	emospace1	[0.4093597412109373, 0.13297363281250002]	2.702919046576426	1554973028.6898713
6546	21	con	p-s-	289	6263	emospace1	[-0.145009765625, 0.2243975830078126]	7.107399206312039	1554973046.2458756
6546	22	inc	p+s-	288	4668	emospace1	[0.02745849609375005, 0.17016357421875]	7.924913545804884	1554973063.7528768
6546	23	inc	p-s+	202	9902	emospace1	[-0.11750854492187504, 0.23714416503906266]	8.825802415884027	1554973081.3458831
6546	24	inc	p+s-	289	8186	emospace1	[0.24675781250000006, 0.21064392089843742]	7.057363982286915	1554973098.846884
6546	25	con	p+s+	367	5470	emospace1	[0.3717352294921876, 0.07574951171875001]	7.841531811331151	1554973116.4298897
6546	26	inc	p-s+	813	9423	emospace1	[-0.20611267089843754, -0.20253234863281253]	4.53811413544463	1554973133.949892
6546	27	con	p+s+	220	5623	emospace1	[0.46014709472656246, 0.19938720703125]	3.5038944533935137	1554973151.5158966
6546	28	con	p-s-	501	3195	emospace1	[-0.27720397949218756, 0.29203979492187504]	7.607864907837211	1554973169.038899
6546	29	inc	p+s-	719	5215	emospace1	[0.0, -0.3693609619140627]	7.74136321027072	1554973186.611904
6546	30	inc	p+s-	106	7405	emospace1	[0.3680889892578125, 0.18201049804687494]	2.2693435724631854	1554973204.1249058
6546	31	inc	p+s-	260	4490	emospace1	[0.0, 0.021407470703125014]	8.876393540151184	1554973221.703911
6546	32	inc	p-s+	360	6230	emospace1	[-0.2820587158203125, 0.06524353027343753]	8.342063248359409	1554973239.2039123
6546	33	con	p+s+	365	8193	emospace1	[0.3723492431640627, 0.14140930175781252]	3.9708737689215923	1554973256.6909122
6546	34	inc	p-s+	215	3101	emospace1	[-0.11891967773437499, -0.21369750976562493]	8.17514429543371	1554973274.1909132
6546	35	inc	p-s+	109	3261	emospace1	[-0.3450317382812499, 0.030137939453124974]	8.809137715281395	1554973291.6759136
6546	36	con	p0s0	724	6570	emospace1	[0.19640869140624995, -0.26633850097656264]	8.792395572849273	1554973309.1949153
6546	37	con	p0s0	728	2525	emospace1	[0.2653094482421876, -0.22074768066406253]	8.308620085706934	1554973326.8009224
6546	38	inc	p-s+	367	9429	emospace1	[-0.30236572265625006, 0.149071044921875]	4.521743593715655	1554973344.2809222
6546	39	con	p+s+	353	4660	emospace1	[0.5622570800781254, 0.1290905761718751]	8.425411064516084	1554973361.8639278
6546	40	con	p+s+	352	8186	emospace1	[0.5742053222656259, 0.3068292236328127]	5.255510000952199	1554973379.415932
6546	41	con	p+s+	817	8470	emospace1	[0.3466308593749998, 0.37119506835937494]	7.290940236820461	1554973396.9169328
6546	42	inc	p-s+	210	3102	emospace1	[-0.3176281738281251, 0.19810058593750016]	8.959266199673948	1554973414.4669366
6546	43	con	p-s-	291	1525	emospace1	[-0.226884155273438, 0.25412597656250013]	7.808092550785659	1554973432.0359414
6546	44	inc	p+s-	424	4651	emospace1	[-0.027800292968749963, 0.23812438964843755]	8.959257194810561	1554973449.5869453
6546	45	con	p0s0	373	9402	emospace1	[-0.24653686523437496, -0.0379571533203125]	8.992638524066933	1554973467.1059475
6546	46	con	p-s-	625	6250	emospace1	[-0.11191284179687506, 0.29494323730468774]	4.905039511841096	1554973484.706954
6546	47	con	p+s+	355	8178	emospace1	[0.27239929199218754, 0.5847552490234368]	6.690314338775352	1554973502.2109554
6546	48	con	p-s-	277	3053	emospace1	[-0.4060937499999998, 0.4493981933593749]	6.089690541861273	1554973519.7529588
6546	49	inc	p+s-	291	5621	emospace1	[-0.03244384765625, 0.28958129882812517]	8.341968397131495	1554973537.277961
6546	50	inc	p-s+	220	2683	emospace1	[-0.2141040039062501, 0.0027197265624999837]	8.058641472258387	1554973554.763961
6546	51	con	p-s-	711	3261	emospace1	[-0.33325866699218776, 0.2271813964843751]	5.789409860264641	1554973572.312965
6546	52	inc	p+s-	703	4611	emospace1	[0.42240966796875007, -0.09444213867187498]	8.842523847129996	1554973589.815966
6546	53	inc	p-s+	201	9163	emospace1	[-0.09062744140624998, 0.23705322265625003]	7.040695379575482	1554973607.3029664
6546	54	inc	p+s-	624	4652	emospace1	[0.008253173828125, 0.2068988037109377]	8.79253064580189	1554973624.8489697
6546	55	inc	p+s-	699	8380	emospace1	[0.3688110351562498, 0.08328796386718751]	7.024334743195141	1554973642.352971
6546	56	inc	p+s-	283	4659	emospace1	[0.09855773925781255, 0.4464447021484376]	8.942600898746605	1554973659.836971
6546	57	inc	p+s-	295	5623	emospace1	[0.11377502441406251, 0.31033386230468746]	7.474459355496947	1554973677.355973
6546	58	con	p0s0	723	9926	emospace1	[-0.08693542480468762, -0.15393249511718748]	8.475472102481945	1554973694.9219775
6546	59	inc	p-s+	352	6231	emospace1	[0.030710449218749998, 0.0]	8.592267583720968	1554973712.480982
6546	60	inc	p+s-	713	7501	emoscale1	2.0	0.23366630317104864	1554974419.514422
6546	61	con	p0s0	705	2309	emoscale1	2.0	3.720579384926168	1554974437.0054226
6546	62	inc	p-s+	200	3005	emoscale1	1.0	2.0188162626636768	1554974454.582428
6546	63	inc	p+s-	709	8193	emoscale1	4.0	2.669557828183315	1554974472.0844288
6546	64	inc	p-s+	353	6370	emoscale1	4.0	2.569399732796228	1554974489.6704347
6546	65	inc	p+s-	625	5470	emoscale1	2.0	0.3170903605023341	1554974507.189437
6546	66	con	p0s0	358	2115	emoscale1	4.0	1.7185343804176227	1554974524.7674422
6546	67	inc	p-s+	808	3010	emoscale1	1.0	5.689277278657755	1554974542.2744436
6546	68	inc	p-s+	366	6263	emoscale1	4.0	4.104326146551102	1554974559.8794506
6546	69	con	p0s0	170	1112	emoscale1	5.0	8.442094375172019	1554974577.3774512
6546	70	inc	p+s-	255	9156	emoscale1	1.0	0.6340606561607274	1554974594.9604568
6546	71	con	p+s+	215	4651	emoscale1	5.0	0.35053862591303186	1554974612.4434571
6546	72	inc	p-s+	378	3120	emoscale1	1.0	0.7179253514823358	1554974629.9294572
6546	73	inc	p+s-	422	4800	emoscale1	4.0	0.36721113073144807	1554974647.514463
6546	74	con	p+s+	202	4668	emoscale1	5.0	2.352519395724812	1554974665.0084636
6546	75	inc	p+s-	501	4656	emoscale1	4.0	0.300440968167095	1554974682.532466
6546	76	con	p+s+	205	9156	emoscale1	5.0	2.302448152246143	1554974700.0174658
6546	77	con	p0s0	104	2810	emoscale1	2.0	0.2503529156110744	1554974717.5184667
6546	78	inc	p+s-	423	5270	emoscale1	4.0	0.7843146083196189	1554974735.0144675
6546	79	con	p-s-	709	9163	emoscale1	1.0	2.1356423604393058	1554974752.5264692
6546	80	con	p0s0	377	6010	emoscale1	3	None	1554974770.1054747
6546	81	con	p+s+	815	8370	emoscale1	5.0	1.3681134180569643	1554974787.608476
6546	82	con	p0s0	368	7595	emoscale1	3.0	1.1012317752811214	1554974805.2244833
6546	83	con	p-s-	106	6213	emoscale1	2.0	0.2504114472230867	1554974822.7094836
6546	84	con	p-s-	420	3005	emoscale1	1.0	0.21699199737849995	1554974840.2764883
6546	85	con	p0s0	322	9635	emoscale1	2.0	0.43389754806412384	1554974857.7954903
6546	86	con	p0s0	382	7079	emoscale1	3	None	1554974875.3684955
6546	87	inc	p+s-	420	8178	emoscale1	4.0	0.43386783201640355	1554974892.898498
6546	88	inc	p-s+	365	6510	emoscale1	2.0	5.822679229051573	1554974910.431501
6546	89	inc	p+s-	290	4697	emoscale1	4.0	0.3003899406066921	1554974928.0205069
6546	90	con	p-s-	255	3063	emoscale1	1.0	0.6340915728578693	1554974945.536509
6546	91	con	p-s-	288	9325	emoscale1	1.0	0.2670299228611839	1554974963.1245148
6546	92	con	p0s0	130	7092	emoscale1	2.0	0.6678258927659044	1554974980.612515
6546	93	con	p+s+	200	4697	emoscale1	5.0	7.07395094090316	1554974998.1945205
6546	94	con	p+s+	366	7501	emoscale1	4.0	0.3171584973042627	1554975015.7425244
6546	95	con	p0s0	425	7560	emoscale1	3.0	0.5673382193726866	1554975033.309529
6546	96	con	p-s-	713	6510	emoscale1	2.0	6.289835640229285	1554975050.793529
6546	97	con	p+s+	110	8380	emoscale1	5.0	3.0532121398755407	1554975068.4125369
6546	98	con	p0s0	720	7046	emoscale1	3	None	1554975085.8965368
6546	99	con	p+s+	813	8034	emoscale1	5.0	1.3848483565980132	1554975103.4815426
6546	100	inc	p+s-	293	2300	emoscale1	4.0	0.3672078289473575	1554975121.0115454
6546	101	inc	p-s+	610	3063	emoscale1	1.0	0.9844080788043357	1554975138.5335474
6546	102	con	p-s-	719	6821	emoscale1	2.0	0.7008200128893805	1554975156.1345544
6546	103	inc	p+s-	312	8370	emoscale1	4.0	0.3338132925582613	1554975173.6205544
6546	104	con	p-s-	283	9184	emoscale1	2.0	2.6861636970133986	1554975191.2085605
6546	105	con	p-s-	260	3102	emoscale1	1.0	0.5506900276832312	1554975208.7035613
6546	106	inc	p-s+	204	3053	emoscale1	1.0	0.6174142654454045	1554975226.3155684
6546	107	con	p-s-	624	9902	emoscale1	2.0	0.2337365411058272	1554975243.8095691
6546	108	inc	p-s+	601	3195	emoscale1	2.0	1.4015115563906875	1554975261.379574
6546	109	con	p+s+	360	4656	emoscale1	4.0	1.534994550556803	1554975278.9245775
6546	110	inc	p-s+	110	6213	emoscale1	4.0	0.7175408438088198	1554975296.4445796
6546	111	inc	p+s-	711	8130	emoscale1	4.0	4.2544237142483325	1554975314.045586
6546	112	inc	p-s+	820	6821	emoscale1	4.0	2.969803690972185	1554975331.5475874
6546	113	con	p-s-	502	6231	emoscale1	3.0	7.424288758358671	1554975349.1075916
6546	114	con	p0s0	120	1945	emoscale1	4.0	0.2837168354617461	1554975366.6345942
6546	115	inc	p-s+	351	6250	emoscale1	4.0	0.35046748748936807	1554975384.1995988
6546	116	con	p-s-	241	3010	emoscale1	1.0	1.5350752941667452	1554975401.719601
6546	117	inc	p+s-	276	8341	emoscale1	2.0	0.4171836208752211	1554975419.3036067
6546	118	con	p-s-	423	2683	emoscale1	2.0	0.31704203440312995	1554975436.8056078
6546	119	inc	p-s+	817	1525	emoscale1	4.0	3.4369447938843223	1554975454.4406164
