6739	0	inc	p+s-	501	4656	emospace1	[0.30372131347656256, -0.10900939941406255]	3.0169984349558945	1554299940.2678514
6739	1	con	p-s-	502	6231	emospace1	[-0.35021545410156274, 0.42178100585937545]	2.433602818156942	1554299957.764852
6739	2	inc	p-s+	716	9184	emospace1	[-0.7927618408203121, 0.6967041015625004]	3.400273206822021	1554299975.2388513
6739	3	con	p+s+	352	8186	emospace1	[0.50172607421875, 0.2920343017578125]	0.8002069312060485	1554299992.718851
6739	4	inc	p+s-	289	8186	emospace1	[0.0, 0.3637762451171877]	2.2668821224542626	1554300010.1858501
6739	5	con	p+s+	355	8178	emospace1	[-0.17004272460937497, 0.5412518310546875]	1.433578805248544	1554300027.682851
6739	6	con	p-s-	255	3063	emospace1	[-0.8547235107421871, 0.20001831054687505]	2.066255505709705	1554300045.163851
6739	7	inc	p-s+	601	3195	emospace1	[-0.15540527343749996, 0.38997192382812507]	4.683385351290781	1554300062.6618516
6739	8	con	p0s0	382	7079	emospace1	[-0.17968872070312505, 0.0]	0.49991625499751535	1554300080.2918603
6739	9	inc	p-s+	360	6230	emospace1	[0.0041265869140625, 0.26099365234374994]	5.016647846550768	1554300097.7758603
6739	10	inc	p-s+	415	9325	emospace1	[-0.831094360351563, 0.0]	0.9835769742639968	1554300115.275861
6739	11	con	p+s+	365	8193	emospace1	[0.32792297363281253, -0.22412048339843743]	1.8336433999611472	1554300132.7458603
6739	12	con	p+s+	202	4668	emospace1	[0.40729003906249994, 0.42000061035156266]	0.983530149103899	1554300150.2548618
6739	13	con	p-s-	106	6213	emospace1	[0.003131713867187483, 0.18423278808593746]	3.566887645418319	1554300167.7478623
6739	14	con	p0s0	728	2525	emospace1	[0.26771118164062513, -0.3609405517578125]	5.4002870142430766	1554300185.2508633
6739	15	con	p+s+	815	8370	emospace1	[0.4218896484375, 0.42984497070312494]	0.7501226158929057	1554300202.746864
6739	16	con	p-s-	291	1525	emospace1	[0.27713684082031254, 0.02881591796875001]	2.9334857552421454	1554300220.2418647
6739	17	con	p+s+	200	4697	emospace1	[0.3660205078125, 0.28626159667968754]	1.8003260952427809	1554300237.7228646
6739	18	inc	p+s-	713	7501	emospace1	[-0.3407843017578126, -0.20142639160156264]	1.7168410303675046	1554300255.1998644
6739	19	inc	p-s+	352	6231	emospace1	[0.0, -0.26903625488281246]	3.3995330090401694	1554300272.6828642
6739	20	inc	p+s-	290	4697	emospace1	[-0.44087951660156266, 0.27727233886718755]	6.100291996917804	1554300290.1638641
6739	21	inc	p-s+	215	3101	emospace1	[-0.7181311035156245, -0.3945916748046875]	1.7668638126124279	1554300307.666865
6739	22	inc	p-s+	110	6213	emospace1	[-0.8198468017578124, 0.5974713134765623]	3.7002538164015277	1554300325.1408646
6739	23	inc	p-s+	205	9253	emospace1	[-0.35893188476562515, 0.32347045898437493]	2.1836485927560716	1554300342.628865
6739	24	con	p0s0	322	9635	emospace1	[0.0, -0.22840393066406253]	1.9334953604047769	1554300360.112865
6739	25	inc	p-s+	366	6263	emospace1	[0.2953887939453126, -0.13100463867187503]	3.083680770047067	1554300377.6008654
6739	26	con	p-s-	624	9902	emospace1	[-0.09703369140625001, 0.5271917724609374]	1.2167158631054917	1554300395.0998662
6739	27	inc	p+s-	424	4651	emospace1	[-0.15296020507812508, 0.0]	2.216780097623996	1554300412.5998669
6739	28	con	p0s0	361	7632	emospace1	[0.1292022705078125, -0.40729431152343754]	2.2501679402485024	1554300430.1058683
6739	29	inc	p+s-	310	8470	emospace1	[0.30649719238281253, 0.0]	1.9002813111765136	1554300447.5988688
6739	30	con	p0s0	720	7046	emospace1	[0.0, -0.33284912109375]	1.5009335016657133	1554300465.069868
6739	31	inc	p-s+	351	6250	emospace1	[-0.006065063476562534, -0.1521771240234375]	4.267823128149757	1554300482.569869
6739	32	inc	p+s-	709	8193	emospace1	[-0.23908569335937505, 0.0]	1.333544947054179	1554300500.0468688
6739	33	con	p+s+	716	4652	emospace1	[0.6267395019531251, 0.3061022949218751]	5.500320572275086	1554300517.55087
6739	34	con	p0s0	377	6010	emospace1	[-0.5201739501953128, -0.17761291503906249]	2.1003799441823503	1554300535.0238693
6739	35	con	p+s+	817	8470	emospace1	[0.4655444335937502, 0.46078308105468757]	0.8835209041353664	1554300552.4978688
6739	36	inc	p-s+	216	3015	emospace1	[-0.5638507080078127, -0.54951171875]	3.9002143752077245	1554300569.9898694
6739	37	con	p0s0	724	6570	emospace1	[-0.6901385498046886, 0.2434643554687502]	1.6833229177354951	1554300587.48787
6739	38	con	p-s-	501	3195	emospace1	[-0.5325042724609371, -0.13793029785156247]	1.0503124379029032	1554300604.954869
6739	39	inc	p-s+	355	3150	emospace1	[-1.0, 0.5109356689453122]	4.566894248971948	1554300622.4468696
6739	40	con	p-s-	277	3053	emospace1	[-1.0, 0.4465997314453124]	1.25035704187394	1554300639.9488707
6739	41	inc	p+s-	502	8034	emospace1	[0.0, -0.12745483398437502]	1.3668397396759246	1554300657.4178698
6739	42	con	p0s0	132	7249	emospace1	[0.4842724609375001, -0.18364440917968752]	0.8161463970754994	1554300674.9098704
6739	43	inc	p+s-	293	2300	emospace1	[0.0959356689453125, -0.280784912109375]	3.133569380184781	1554300692.4248722
6739	44	inc	p-s+	220	2683	emospace1	[0.12663330078124996, 0.0]	4.26698507778201	1554300709.9278734
6739	45	con	p+s+	215	4651	emospace1	[0.2364965820312502, 0.2365411376953126]	1.383440160741884	1554300727.4008727
6739	46	inc	p-s+	610	3063	emospace1	[-0.560477905273438, -0.34871765136718774]	1.8502387182888924	1554300744.8688717
6739	47	inc	p+s-	699	8380	emospace1	[0.4921972656250001, 0.1981207275390625]	2.667180542823189	1554300762.355872
6739	48	inc	p+s-	276	8341	emospace1	[0.4033386230468751, 0.20482421875000004]	4.866946897262096	1554300779.839872
6739	49	inc	p+s-	703	4611	emospace1	[-0.12750244140625003, -0.4296752929687501]	2.5334781911806203	1554300797.324872
6739	50	inc	p-s+	820	6821	emospace1	[0.5396179199218754, 0.27597351074218757]	2.383429354933469	1554300814.805872
6739	51	con	p+s+	808	8341	emospace1	[0.6091918945312501, 0.089522705078125]	1.7669163408427266	1554300832.274871
6739	52	con	p+s+	367	5470	emospace1	[0.7586010742187506, -0.14518676757812504]	2.9670347844912612	1554300849.7628713
6739	53	con	p0s0	130	7092	emospace1	[-0.5069836425781243, 0.09763122558593752]	6.683743143566971	1554300867.2668726
6739	54	con	p-s-	423	2683	emospace1	[-0.39265991210937506, 0.08516357421875001]	2.633536662600818	1554300884.740872
6739	55	inc	p-s+	367	9429	emospace1	[-0.22534484863281246, -0.12185180664062506]	1.6335192532460496	1554300902.2258718
6739	56	con	p+s+	353	4660	emospace1	[0.29761291503906256, 0.1323577880859375]	1.9002341858504224	1554300919.691871
6739	57	inc	p+s-	295	5623	emospace1	[0, 0]	None	1554300937.1828713
6739	58	con	p0s0	723	9926	emospace1	[-0.21626892089843747, -0.173011474609375]	1.2669049347132386	1554300954.6998732
6739	59	inc	p+s-	106	7405	emospace1	[0.36506835937499993, 0.21016845703125006]	1.0842222610444878	1554300972.4468884
6739	60	con	p+s+	360	4656	emoscale1	4.0	0.5835165818098176	1554301674.7910602
6739	61	con	p-s-	134	8230	emoscale1	2.0	0.3334005694669031	1554301692.2780602
6739	62	con	p0s0	120	1945	emoscale1	5.0	0.9334494357281073	1554301709.771061
6739	63	inc	p-s+	817	1525	emoscale1	4.0	0.25017874606055557	1554301727.2420602
6739	64	inc	p-s+	813	9423	emoscale1	1.0	0.5168678647896741	1554301744.72106
6739	65	inc	p+s-	255	9156	emoscale1	1.0	0.6001046962664986	1554301762.1950595
6739	66	inc	p+s-	420	8178	emoscale1	2.0	0.3500033918207919	1554301779.6610582
6739	67	con	p+s+	813	8034	emoscale1	4.0	0.28337418528462877	1554301797.1280577
6739	68	inc	p+s-	624	4652	emoscale1	3	None	1554301814.5940564
6739	69	con	p-s-	625	6250	emoscale1	2.0	0.3169568326047738	1554301832.0630555
6739	70	con	p-s-	241	3010	emoscale1	1.0	0.4501420063133992	1554301849.553056
6739	71	con	p+s+	415	4490	emoscale1	4.0	0.5661627558656619	1554301867.0650578
6739	72	inc	p+s-	423	5270	emoscale1	5.0	1.2001412559111486	1554301884.5520577
6739	73	con	p0s0	373	9402	emoscale1	2.0	0.4001306302016019	1554301902.0220573
6739	74	inc	p-s+	353	6370	emoscale1	3	None	1554301919.5160575
6739	75	con	p0s0	225	4279	emoscale1	4.0	0.4835340511999675	1554301936.9990578
6739	76	con	p0s0	170	1112	emoscale1	5.0	0.8670294416224351	1554301954.5030587
6739	77	con	p+s+	366	7501	emoscale1	2.0	0.466840279968892	1554301971.9660578
6739	78	con	p0s0	368	7595	emoscale1	3	None	1554301989.4510577
6739	79	con	p+s+	205	9156	emoscale1	3	None	1554302006.9170568
6739	80	inc	p+s-	288	4668	emoscale1	2.0	0.45022755228637834	1554302024.3950565
6739	81	inc	p+s-	260	4490	emoscale1	1.0	0.45017592453950783	1554302041.867056
6739	82	con	p-s-	711	3261	emoscale1	1.0	0.4833794681253494	1554302059.334055
6739	83	con	p0s0	152	9468	emoscale1	3	None	1554302076.8250551
6739	84	inc	p-s+	210	3102	emoscale1	1.0	0.44997511662586476	1554302094.4760647
6739	85	con	p-s-	709	9163	emoscale1	2.0	0.28336878238405916	1554302111.978066
6739	86	inc	p-s+	109	3261	emoscale1	1.0	0.483388472966908	1554302129.4540653
6739	87	inc	p+s-	241	8001	emoscale1	3	None	1554302146.950066
6739	88	con	p-s-	420	3005	emoscale1	1.0	0.7667557545428281	1554302164.4760685
6739	89	con	p-s-	713	6510	emoscale1	2.0	0.7000695173592248	1554302181.9730694
6739	90	con	p+s+	220	5623	emoscale1	3	None	1554302199.4400682
6739	91	inc	p+s-	422	4800	emoscale1	3	None	1554302216.931069
6739	92	inc	p+s-	277	4647	emoscale1	2.0	0.283005587203661	1554302234.4290698
6739	93	con	p0s0	358	2115	emoscale1	3	None	1554302251.9270704
6739	94	inc	p+s-	711	8130	emoscale1	3	None	1554302269.4770741
6739	95	inc	p-s+	815	9622	emoscale1	5.0	0.5833902139020211	1554302286.9480734
6739	96	inc	p+s-	719	5215	emoscale1	2.0	0.26684310148266377	1554302304.4550748
6739	97	con	p-s-	719	6821	emoscale1	2.0	0.25022857283693156	1554302321.926074
6739	98	inc	p-s+	204	3053	emoscale1	1.0	0.5001815975920181	1554302339.4010737
6739	99	inc	p-s+	365	6510	emoscale1	2.0	0.6001076978755009	1554302356.8770735
6739	100	inc	p+s-	283	4659	emoscale1	3	None	1554302374.3700738
6739	101	inc	p-s+	202	9902	emoscale1	2.0	0.33340056946326513	1554302391.8440733
6739	102	con	p-s-	260	3102	emoscale1	1.0	0.516755304299295	1554302409.308072
6739	103	con	p-s-	289	6263	emoscale1	2.0	0.9000928098757868	1554302426.7830718
6739	104	con	p-s-	288	9325	emoscale1	1.0	0.6666426537631196	1554302444.2630715
6739	105	con	p+s+	110	8380	emoscale1	2.0	0.3667598967695085	1554302461.7270706
6739	106	inc	p+s-	291	5621	emoscale1	2.0	0.3000937703909585	1554302479.3180764
6739	107	con	p+s+	201	4800	emoscale1	3	None	1554302496.7980764
6739	108	inc	p-s+	311	8230	emoscale1	2.0	0.28353807336316095	1554302514.2620752
6739	109	inc	p-s+	378	3120	emoscale1	1.0	1.0333638297233847	1554302531.7290742
6739	110	con	p-s-	283	9184	emoscale1	2.0	0.6000947909415117	1554302549.2020736
6739	111	inc	p+s-	312	8370	emoscale1	3	None	1554302566.6800735
6739	112	inc	p-s+	201	9163	emoscale1	2.0	0.25009800266707316	1554302584.175074
6739	113	inc	p-s+	808	3010	emoscale1	1.0	0.516709079456632	1554302601.6470733
6739	114	inc	p+s-	625	5470	emoscale1	2.0	0.6501689007673122	1554302619.1150725
6739	115	con	p0s0	425	7560	emoscale1	3	None	1554302636.783083
6739	116	con	p0s0	705	2309	emoscale1	1.0	0.4835328505541838	1554302654.2750835
6739	117	inc	p+s-	134	4660	emoscale1	4.0	0.4166869275541103	1554302671.7480829
6739	118	inc	p-s+	200	3005	emoscale1	1.0	0.4500519579196407	1554302689.215082
6739	119	con	p0s0	104	2810	emoscale1	2.0	0.23342404208233347	1554302706.7060823
