7250	0	inc	p-s+	220	2683	emospace1	[0.0, 0.8681274414062498]	1.2347540906844188	1554967905.3154173
7250	1	inc	p-s+	216	3015	emospace1	[-0.6803955078124992, -0.6345782470703129]	3.920901578942903	1554967922.8174186
7250	2	con	p+s+	716	4652	emospace1	[0.6599017333984374, 0.64266357421875]	6.773711081355032	1554967940.3534212
7250	3	inc	p+s-	106	7405	emospace1	[0.0010272216796876838, 0.8660986328125001]	2.8530607381048867	1554967957.9284265
7250	4	inc	p-s+	205	9253	emospace1	[0.004620361328125005, 0.8520361328125007]	6.590191062192844	1554967975.4594293
7250	5	inc	p+s-	293	2300	emospace1	[-0.265472412109375, -0.2527655029296875]	6.790452323300087	1554967993.2394462
7250	6	con	p0s0	358	2115	emospace1	[0.0020288085937499997, -0.4906286621093757]	4.6381875851147925	1554968010.7734492
7250	7	inc	p+s-	624	4652	emospace1	[-0.45807800292968753, 0.28252441406249995]	2.7863416030995722	1554968028.27345
7250	8	inc	p+s-	295	5623	emospace1	[0.4703045654296874, 0.21783874511718754]	1.9355008640168307	1554968045.8804572
7250	9	con	p+s+	220	5623	emospace1	[0.9334320068359376, 0.0]	1.6685435803874498	1554968063.359457
7250	10	inc	p+s-	420	8178	emospace1	[-0.33471984863281234, -0.14740478515624986]	6.773727590271392	1554968080.964464
7250	11	con	p-s-	625	6250	emospace1	[-0.5268780517578125, 0.3059741210937496]	4.921812270807095	1554968098.4774656
7250	12	con	p+s+	110	8380	emospace1	[0.9136260986328135, 0.0]	1.835355975762468	1554968116.0644715
7250	13	inc	p-s+	820	6821	emospace1	[-0.5542687988281246, -0.2709545898437499]	2.3693641936010863	1554968133.5484715
7250	14	inc	p-s+	360	6230	emospace1	[-0.47612854003906246, 0.44018188476562503]	3.0365570444596415	1554968151.1374774
7250	15	con	p-s-	423	2683	emospace1	[-0.6070788574218724, 0.6086126708984377]	7.674648877858544	1554968168.6354783
7250	16	con	p+s+	415	4490	emospace1	[-0.9672045898437499, -0.037542114257812516]	5.68932110232754	1554968186.2394853
7250	17	inc	p+s-	288	4668	emospace1	[0.0, 0.7587408447265639]	6.289869558548617	1554968203.752487
7250	18	inc	p+s-	423	5270	emospace1	[-0.0008685302734373493, 0.0]	4.121092602114459	1554968221.2944903
7250	19	con	p-s-	260	3102	emospace1	[-0.6268621826171876, 0.5711279296874999]	3.7539249948895304	1554968238.8344934
7250	20	inc	p-s+	716	9184	emospace1	[0.1734954833984376, 0.2590667724609375]	8.942590693233342	1554968256.3974981
7250	21	con	p0s0	724	6570	emospace1	[-0.05835754394531248, -0.5300219726562511]	8.141767468609942	1554968273.9415014
7250	22	con	p0s0	104	2810	emospace1	[-0.46364196777343775, 0.3628070068359376]	7.690957886354681	1554968291.4815047
7250	23	con	p0s0	152	9468	emospace1	[0.44572387695312504, -0.25863281249999986]	3.2534610943366715	1554968309.0485094
7250	24	con	p-s-	713	6510	emospace1	[-0.5671954345703123, 0.5165673828125003]	1.6852022777502498	1554968326.5795124
7250	25	con	p0s0	170	1112	emospace1	[-0.19499267578125004, 0.41455688476562524]	4.037722573962128	1554968344.1315162
7250	26	con	p+s+	352	8186	emospace1	[0.7588378906250001, 0.7242285156249997]	4.154410897325761	1554968361.646518
7250	27	inc	p+s-	312	8370	emospace1	[0.8225335693359376, 0.7835998535156247]	4.971930639738275	1554968379.234524
7250	28	con	p0s0	382	7079	emospace1	[-0.5051086425781245, 0.044366455078125096]	7.974939164642819	1554968396.739525
7250	29	inc	p+s-	283	4659	emospace1	[0.4108154296874999, 0.5670385742187498]	8.558871246360013	1554968414.3515325
7250	30	con	p-s-	719	6821	emospace1	[-0.6151849365234373, 0.6058966064453123]	7.808116863918258	1554968431.8375328
7250	31	con	p+s+	808	8341	emospace1	[0.6513037109374993, 0.8399157714843748]	5.122039613595007	1554968449.4055376
7250	32	inc	p+s-	699	8380	emospace1	[-0.46857910156249993, 0.28202880859374996]	7.124130242743831	1554968466.9235394
7250	33	inc	p-s+	601	3195	emospace1	[-0.5317279052734376, 0.4408050537109374]	8.24218130212148	1554968484.5175457
7250	34	con	p0s0	728	2525	emospace1	[-0.18625366210937497, -0.3590411376953125]	8.208439778324191	1554968502.038548
7250	35	inc	p+s-	289	8186	emospace1	[-0.3372033691406252, -0.17310058593750002]	8.625588280230204	1554968519.5605502
7250	36	inc	p-s+	366	6263	emospace1	[-0.3661401367187502, -0.013041992187499997]	8.492126297413506	1554968537.1705573
7250	37	con	p0s0	720	7046	emospace1	[-0.0043475341796875, -0.3768774414062501]	7.107429522685379	1554968554.6615577
7250	38	inc	p-s+	311	8230	emospace1	[-0.13700134277343748, 0.4874255371093758]	5.405678707069455	1554968572.3305686
7250	39	con	p-s-	241	3010	emospace1	[-0.556361083984375, 0.22739624023437488]	8.77587495006037	1554968589.857571
7250	40	con	p-s-	106	6213	emospace1	[-0.49799255371093704, 0.38331604003906244]	3.1034439700883922	1554968607.4195752
7250	41	inc	p+s-	424	4651	emospace1	[-0.16660339355468762, 0.5339892578125004]	8.809112501662185	1554968624.9515781
7250	42	inc	p+s-	255	9156	emospace1	[-0.08955688476562502, 0.4445001220703127]	8.659072264930728	1554968642.486581
7250	43	con	p+s+	353	4660	emospace1	[0.6361309814453124, 0.7239135742187504]	3.753997333960342	1554968660.055586
7250	44	con	p+s+	201	4800	emospace1	[0.6458532714843751, 0.6311016845703129]	7.5745325050056636	1554968677.627591
7250	45	con	p0s0	132	7249	emospace1	[0.0, 0.5930914306640624]	6.3567480796373275	1554968695.1385925
7250	46	con	p-s-	277	3053	emospace1	[-0.6861340332031243, 0.6674218750000004]	2.302557111095666	1554968712.6875963
7250	47	con	p0s0	322	9635	emospace1	[0.0, -0.41760742187500005]	3.136634396237241	1554968730.2165987
7250	48	con	p-s-	420	3005	emospace1	[-0.4456353759765627, -0.3163385009765625]	0.834364240126888	1554968747.8276062
7250	49	inc	p-s+	378	3120	emospace1	[-0.41542053222656256, -0.3952008056640627]	7.891525312821614	1554968765.3116062
7250	50	con	p+s+	200	4697	emospace1	[0.4150732421875003, 0.47762084960937473]	4.955475752453822	1554968782.9036124
7250	51	con	p-s-	288	9325	emospace1	[-0.8409307861328126, 0.323428955078125]	8.809127809930033	1554968800.4156141
7250	52	inc	p+s-	703	4611	emospace1	[0.41529663085937496, 0.18923583984375006]	4.3212268946463155	1554968817.9916193
7250	53	inc	p+s-	502	8034	emospace1	[0.47353759765625014, 0.4889208984375]	2.4526864959771046	1554968835.502621
7250	54	con	p0s0	130	7092	emospace1	[-0.7551318359374996, 0.32818115234374995]	5.2888051836798695	1554968853.0806265
7250	55	inc	p-s+	813	9423	emospace1	[-0.39531860351562514, 0.5318804931640625]	0.7180150999556645	1554968870.587628
7250	56	inc	p-s+	817	1525	emospace1	[0.3304992675781251, 0.1534429931640625]	2.0022446123148256	1554968888.1706336
7250	57	inc	p-s+	415	9325	emospace1	[-0.6817291259765624, 0.19590759277343767]	4.988550916349595	1554968905.6756346
7250	58	con	p-s-	502	6231	emospace1	[-0.5990753173828126, 0.44782531738281284]	4.070926807568867	1554968923.303643
7250	59	inc	p-s+	610	3063	emospace1	[-0.3559405517578126, 0.5009393310546874]	0.8510385459185272	1554968940.897649
7250	60	con	p-s-	709	9163	emoscale1	1.0	0.5006175835569593	1554969655.726535
7250	61	inc	p-s+	351	6250	emoscale1	1.0	0.5506771207128622	1554969673.2215357
7250	62	con	p0s0	723	9926	emoscale1	1.0	2.853014813300433	1554969690.8245428
7250	63	inc	p+s-	310	8470	emoscale1	5.0	5.922802205471271	1554969708.3445446
7250	64	con	p0s0	120	1945	emoscale1	4.0	0.11687052176876023	1554969725.8805475
7250	65	con	p-s-	134	8230	emoscale1	1.0	6.673563191479843	1554969743.4115505
7250	66	con	p-s-	283	9184	emoscale1	2.0	0.3506830038904809	1554969761.0005562
7250	67	con	p-s-	255	3063	emoscale1	1.0	2.018787146937939	1554969778.496557
7250	68	con	p0s0	368	7595	emoscale1	2.0	0.40054563469766435	1554969796.1225653
7250	69	inc	p-s+	210	3102	emoscale1	1.0	0.45055624542783335	1554969813.7325723
7250	70	con	p-s-	711	3261	emoscale1	1.0	0.4839375746832957	1554969831.2555747
7250	71	inc	p-s+	109	3261	emoscale1	1.0	0.5339827040588716	1554969848.8185792
7250	72	inc	p+s-	134	4660	emoscale1	3	None	1554969866.3365815
7250	73	inc	p+s-	719	5215	emoscale1	2.0	2.2853112966313347	1554969883.9295876
7250	74	inc	p-s+	808	3010	emoscale1	1.0	0.33384601022953575	1554969901.423588
7250	75	inc	p-s+	215	3101	emoscale1	3	None	1554969919.026595
7250	76	con	p+s+	813	8034	emoscale1	4.0	0.23415286596264195	1554969936.510595
7250	77	inc	p-s+	202	9902	emoscale1	4.0	0.2169589795448701	1554969954.133603
7250	78	con	p-s-	501	3195	emoscale1	2.0	0.13362917311678757	1554969971.6336038
7250	79	inc	p-s+	355	3150	emoscale1	1.0	0.38382870588429796	1554969989.189608
7250	80	con	p+s+	367	5470	emoscale1	5.0	0.18362837768654572	1554970006.7206109
7250	81	con	p+s+	366	7501	emoscale1	5.0	5.455650596886699	1554970024.3046167
7250	82	inc	p+s-	260	4490	emoscale1	1.0	3.0865916681605086	1554970041.8006172
7250	83	inc	p+s-	241	8001	emoscale1	4.0	2.7528822316935475	1554970059.3756225
7250	84	con	p0s0	361	7632	emoscale1	4.0	0.11696867478076456	1554970076.8936245
7250	85	con	p0s0	705	2309	emoscale1	4.0	0.21697939056866744	1554970094.4996316
7250	86	con	p0s0	377	6010	emoscale1	2.0	0.7346740974799104	1554970112.0036325
7250	87	inc	p-s+	365	6510	emoscale1	2.0	0.5673298148331014	1554970129.5046337
7250	88	inc	p-s+	110	6213	emoscale1	1.0	0.6340969757766288	1554970147.0066347
7250	89	con	p+s+	365	8193	emoscale1	5.0	0.6173953552315652	1554970164.529637
7250	90	inc	p-s+	367	9429	emoscale1	1.0	7.3080269653637515	1554970182.0856411
7250	91	con	p-s-	289	6263	emoscale1	1.0	0.46725066208273347	1554970199.599643
7250	92	con	p+s+	355	8178	emoscale1	5.0	0.36716490576600336	1554970217.0786426
7250	93	con	p0s0	425	7560	emoscale1	3	None	1554970234.6036448
7250	94	inc	p+s-	277	4647	emoscale1	2.0	0.33378357650963153	1554970252.1986513
7250	95	con	p+s+	815	8370	emoscale1	5.0	0.21698479348651745	1554970269.6846516
7250	96	con	p+s+	360	4656	emoscale1	3.0	8.809064775885417	1554970287.3056593
7250	97	inc	p+s-	713	7501	emoscale1	2.0	0.2169961996469283	1554970304.7876592
7250	98	inc	p-s+	352	6231	emoscale1	2.0	2.152307061043757	1554970322.3616645
7250	99	inc	p+s-	711	8130	emoscale1	4.0	0.0001927040793816559	1554970339.8936672
7250	100	inc	p-s+	201	9163	emoscale1	4.0	0.8009075701784241	1554970357.42667
7250	101	inc	p-s+	353	6370	emoscale1	4.0	0.00018940229620056925	1554970374.997675
7250	102	con	p0s0	373	9402	emoscale1	2.0	0.30041575454924896	1554970392.532678
7250	103	con	p-s-	291	1525	emoscale1	2.0	6.506674855089841	1554970410.0756812
7250	104	con	p-s-	624	9902	emoscale1	1.0	0.5006427971748053	1554970427.6296854
7250	105	con	p+s+	817	8470	emoscale1	5.0	1.2680615800591113	1554970445.1466873
7250	106	inc	p-s+	815	9622	emoscale1	5.0	0.8175959835907634	1554970462.747694
7250	107	inc	p+s-	276	8341	emoscale1	4.0	3.4537124500948266	1554970480.2336943
7250	108	inc	p+s-	290	4697	emoscale1	3	None	1554970497.835701
7250	109	inc	p+s-	625	5470	emoscale1	4.0	0.2003110880177701	1554970515.3367019
7250	110	inc	p+s-	422	4800	emoscale1	5.0	4.538057704966377	1554970532.9027066
7250	111	con	p+s+	215	4651	emoscale1	5.0	0.6674419854161897	1554970550.4207087
7250	112	con	p0s0	225	4279	emoscale1	5.0	0.8842854025460838	1554970568.0107148
7250	113	con	p+s+	202	4668	emoscale1	5.0	0.98444289760846	1554970585.5807197
7250	114	inc	p+s-	709	8193	emoscale1	4.0	2.4692620484320287	1554970603.0757205
7250	115	inc	p+s-	291	5621	emoscale1	4.0	0.4505820593703902	1554970620.6107233
7250	116	con	p+s+	205	9156	emoscale1	5.0	1.117916886911189	1554970638.193729
7250	117	inc	p+s-	501	4656	emoscale1	4.0	0.3838151985892182	1554970655.69473
7250	118	inc	p-s+	204	3053	emoscale1	1.0	0.43387803752830223	1554970673.2727356
7250	119	inc	p-s+	200	3005	emoscale1	1.0	0.5174011483604772	1554970690.7797365
