7474	0	con	p-s-	106	6213	emospace1	[-0.5910498046874999, 0.6171984863281248]	2.3362421965562135	1555334094.1614456
7474	1	con	p0s0	368	7595	emospace1	[0.0271435546875, 0.8448461914062506]	1.051214122469446	1555334111.6834478
7474	2	con	p0s0	723	9926	emospace1	[-0.8126770019531255, 0.0]	2.2357550947876916	1555334129.2004497
7474	3	inc	p-s+	353	6370	emospace1	[-0.6831561279296877, 0.6013513183593753]	5.989565492495785	1555334146.7834554
7474	4	inc	p-s+	220	2683	emospace1	[-0.8501599121093754, -0.021140136718749966]	1.9522158207819302	1555334164.3064575
7474	5	inc	p-s+	610	3063	emospace1	[-0.6776574707031255, 0.6292211914062504]	1.6685021530570339	1555334181.8404605
7474	6	con	p0s0	382	7079	emospace1	[-0.007693481445312428, -0.9261676025390632]	4.588185590936519	1555334199.3744636
7474	7	inc	p-s+	200	3005	emospace1	[-0.6002343750000004, 0.7040753173828124]	1.8020343132398011	1555334216.936468
7474	8	inc	p-s+	204	3053	emospace1	[-0.5741912841796873, 0.6115795898437494]	3.20354268383835	1555334234.5024726
7474	9	con	p+s+	817	8470	emospace1	[0.651502075195313, 0.5640631103515624]	2.602808249152986	1555334252.028475
7474	10	inc	p+s-	312	8370	emospace1	[0.6294079589843747, 0.6439398193359377]	2.035580220810516	1555334269.612481
7474	11	inc	p-s+	415	9325	emospace1	[-0.6406616210937501, -0.6639050292968746]	2.3692698456152357	1555334287.1284828
7474	12	con	p-s-	719	6821	emospace1	[-0.6168920898437501, 0.6559460449218752]	1.1519104366689135	1555334304.6854868
7474	13	con	p-s-	501	3195	emospace1	[-0.6803161621093752, 0.6475036621093748]	1.1017342719978842	1555334322.2304904
7474	14	inc	p+s-	423	5270	emospace1	[0.0, 0.8556274414062506]	1.0345374604312383	1555334339.7954953
7474	15	inc	p+s-	422	4800	emospace1	[-0.5845330810546877, 0.6418762207031246]	1.0345797831751042	1555334357.4155028
7474	16	con	p0s0	132	7249	emospace1	[0.03701538085937508, -0.933943481445313]	1.4851261067697124	1555334374.9595065
7474	17	inc	p+s-	310	8470	emospace1	[0.03524291992187452, -0.8993023681640623]	3.8875733819359084	1555334392.4815085
7474	18	inc	p-s+	817	1525	emospace1	[-0.6540649414062495, 0.6487518310546874]	1.6351563330135832	1555334410.0845153
7474	19	con	p+s+	353	4660	emospace1	[0.6437927246093748, 0.6633532714843751]	2.269151942253302	1555334427.595517
7474	20	con	p+s+	200	4697	emospace1	[0.6566528320312504, 0.6495428466796873]	1.284413343731103	1555334445.13252
7474	21	inc	p-s+	216	3015	emospace1	[-0.5840667724609375, 0.6303149414062499]	1.2346363935976115	1555334462.706525
7474	22	con	p+s+	808	8341	emospace1	[0.6506744384765628, 0.6673577880859375]	1.3516575807843765	1555334480.2245271
7474	23	inc	p+s-	288	4668	emospace1	[0.0, 0.8671881103515632]	0.7342548885771976	1555334497.9245396
7474	24	con	p+s+	202	4668	emospace1	[0.6095922851562503, 0.6284405517578123]	1.5850540080236897	1555334515.4165401
7474	25	con	p-s-	241	3010	emospace1	[-0.6554705810546873, 0.5775061035156249]	1.0680465682262366	1555334533.0315475
7474	26	inc	p-s+	716	9184	emospace1	[0.6004541015625003, -0.6510845947265625]	1.5016860060595718	1555334550.5275483
7474	27	inc	p-s+	215	3101	emospace1	[-0.6178137207031252, 0.5923449707031252]	0.700886856597208	1555334568.0655513
7474	28	con	p+s+	355	8178	emospace1	[0.0, 0.9173461914062505]	1.084615772516372	1555334585.615555
7474	29	con	p0s0	130	7092	emospace1	[-0.04162475585937505, -0.9009283447265618]	0.7673449711874127	1555334603.1785598
7474	30	con	p-s-	502	6231	emospace1	[-0.674375610351563, 0.6358215332031252]	2.7863124643181436	1555334620.7125628
7474	31	inc	p+s-	293	2300	emospace1	[-0.5878137207031247, -0.6812390136718752]	1.2515931061352603	1555334638.2485654
7474	32	con	p-s-	283	9184	emospace1	[-0.623909912109375, -0.6134698486328126]	0.7509882811018542	1555334655.80757
7474	33	inc	p+s-	289	8186	emospace1	[-0.6535125732421878, -0.6452178955078127]	2.269193364514649	1555334673.376575
7474	34	con	p0s0	104	2810	emospace1	[0.0, 0.8868756103515631]	0.7509285490023103	1555334690.9215784
7474	35	con	p0s0	373	9402	emospace1	[-0.6317279052734376, 0.5957177734374998]	1.4516278047822198	1555334708.4275796
7474	36	inc	p-s+	366	6263	emospace1	[-0.6532824707031252, 0.6142279052734376]	1.0512315318246692	1555334725.9815836
7474	37	inc	p+s-	719	5215	emospace1	[0.027694091796875063, -0.8780712890625003]	2.4526921767755994	1555334743.5405881
7474	38	con	p0s0	720	7046	emospace1	[0.019996337890624938, -0.8351055908203123]	1.401584011246996	1555334761.1935978
7474	39	inc	p-s+	110	6213	emospace1	[-0.6451562499999997, -0.6785461425781256]	0.7675319716818194	1555334778.6935987
7474	40	inc	p+s-	283	4659	emospace1	[-0.6232855224609373, 0.6114086914062503]	2.2527706389410014	1555334796.3146067
7474	41	con	p+s+	352	8186	emospace1	[0.8935815429687506, 0.009873046874999986]	2.75295523814475	1555334813.7976065
7474	42	inc	p+s-	501	4656	emospace1	[-0.6939044189453123, -0.6228637695312508]	2.752918918627074	1555334831.3826122
7474	43	con	p-s-	624	9902	emospace1	[-0.6169409179687501, 0.6773449707031252]	0.7676421308815407	1555334848.8906138
7474	44	inc	p+s-	241	8001	emospace1	[-0.022502441406250004, -0.8834020996093747]	1.7352466215343156	1555334866.4416175
7474	45	inc	p-s+	351	6250	emospace1	[-0.5979705810546875, 0.619063720703125]	1.034590288821164	1555334884.214634
7474	46	con	p-s-	709	9163	emospace1	[-0.8747717285156253, -0.03973083496093758]	2.1690355396995074	1555334901.744637
7474	47	inc	p+s-	276	8341	emospace1	[-0.6659387207031249, 0.6821893310546877]	1.0522850980114526	1555334919.253638
7474	48	con	p0s0	361	7632	emospace1	[0.009941406249999995, -0.8966064453124996]	1.2514001024146637	1555334936.8616452
7474	49	con	p+s+	205	9156	emospace1	[0.0, 0.9506250000000007]	0.8009855496347882	1555334954.3786473
7474	50	inc	p+s-	106	7405	emospace1	[-0.8733337402343757, 0.0]	0.7509396549703524	1555334971.959653
7474	51	inc	p-s+	311	8230	emospace1	[-0.6170214843749999, 0.6116857910156254]	3.537089431860295	1555334989.4676542
7474	52	con	p-s-	260	3102	emospace1	[-0.6470312500000003, 0.6025]	0.6842077932687971	1555335007.213669
7474	53	con	p0s0	120	1945	emospace1	[0.026666259765625006, -0.8352093505859369]	1.535082553364191	1555335024.8026752
7474	54	con	p0s0	358	2115	emospace1	[0.0, -0.8621978759765623]	1.1848093165272076	1555335042.3326778
7474	55	inc	p+s-	290	4697	emospace1	[-0.8679699707031248, 0.0]	0.8344742464605588	1555335059.833679
7474	56	con	p+s+	220	5623	emospace1	[0.874102783203125, -0.01443725585937497]	1.0680876903252283	1555335077.4456863
7474	57	con	p+s+	367	5470	emospace1	[0.8771160888671877, 0.0]	0.7342329768025593	1555335094.9546878
7474	58	inc	p+s-	703	4611	emospace1	[0.6566571044921878, -0.6777508544921869]	1.8855349865025346	1555335112.5046914
7474	59	con	p0s0	705	2309	emospace1	[-0.05940612792968751, -0.8874401855468746]	0.7843202937256137	1555335130.224705
7474	60	con	p-s-	277	3053	emoscale1	1.0	0.5006234350339582	1555335841.508388
7474	61	inc	p+s-	699	8380	emoscale1	2.0	0.30039093008599593	1555335859.057392
7474	62	inc	p-s+	815	9622	emoscale1	4.0	3.7706140279788087	1555335876.6253967
7474	63	inc	p-s+	201	9163	emoscale1	2.0	0.2503606438094721	1555335894.1223974
7474	64	con	p0s0	170	1112	emoscale1	4.0	0.2837205714349693	1555335911.7274046
7474	65	con	p+s+	365	8193	emoscale1	4.0	0.25032792622732813	1555335929.3894145
7474	66	con	p0s0	724	6570	emoscale1	2.0	0.3838144618921433	1555335946.8914158
7474	67	con	p+s+	415	4490	emoscale1	2.0	8.592179237121854	1555335964.44942
7474	68	inc	p+s-	420	8178	emoscale1	2.0	0.5172712815874547	1555335981.9594214
7474	69	inc	p+s-	709	8193	emoscale1	3	None	1555335999.5594282
7474	70	con	p-s-	255	3063	emoscale1	1.0	0.6508178495123502	1555336017.0434282
7474	71	inc	p+s-	713	7501	emoscale1	2.0	0.00019690581757458858	1555336034.6514354
7474	72	inc	p-s+	352	6231	emoscale1	2.0	0.9010314142815332	1555336052.1554365
7474	73	inc	p-s+	202	9902	emoscale1	2.0	0.28371817014522094	1555336069.6824389
7474	74	con	p+s+	201	4800	emoscale1	3	None	1555336087.2504437
7474	75	con	p0s0	152	9468	emoscale1	4.0	0.0001945045269167167	1555336104.827449
7474	76	inc	p+s-	295	5623	emoscale1	2.0	0.2503828557464658	1555336122.3364506
7474	77	con	p-s-	291	1525	emoscale1	2.0	4.104246021812287	1555336139.8694534
7474	78	inc	p+s-	277	4647	emoscale1	2.0	0.2837133675639052	1555336157.4954617
7474	79	inc	p-s+	378	3120	emoscale1	1.0	0.21699261182948248	1555336175.0044632
7474	80	con	p-s-	423	2683	emoscale1	2.0	0.2673113531218405	1555336192.508464
7474	81	con	p+s+	716	4652	emoscale1	4.0	0.25036034364893567	1555336210.1074708
7474	82	inc	p-s+	367	9429	emoscale1	2.0	0.36716721566153865	1555336227.6144722
7474	83	con	p+s+	360	4656	emoscale1	2.0	0.26708263020555023	1555336245.1754766
7474	84	con	p+s+	110	8380	emoscale1	5.0	0.4505685355306923	1555336262.7104795
7474	85	con	p+s+	366	7501	emoscale1	4.0	0.00019960726876888657	1555336280.2804847
7474	86	con	p0s0	377	6010	emoscale1	2.0	0.00019480468836263753	1555336297.804487
7474	87	con	p0s0	322	9635	emoscale1	3	None	1555336315.34149
7474	88	con	p0s0	728	2525	emoscale1	2.0	0.2336530651573412	1555336332.914495
7474	89	inc	p-s+	820	6821	emoscale1	4.0	0.3337640648087472	1555336350.4364972
7474	90	inc	p+s-	711	8130	emoscale1	2.0	0.20032525479200558	1555336367.9955015
7474	91	inc	p-s+	210	3102	emoscale1	1.0	0.550410590651154	1555336385.5035028
7474	92	inc	p-s+	365	6510	emoscale1	2.0	0.09999393674206658	1555336402.988503
7474	93	inc	p-s+	109	3261	emoscale1	1.0	0.8342980517736578	1555336420.5155053
7474	94	con	p-s-	289	6263	emoscale1	2.0	0.26710664311030996	1555336438.07951
7474	95	inc	p-s+	355	3150	emoscale1	1.0	0.5506504195354864	1555336455.6035123
7474	96	inc	p-s+	601	3195	emoscale1	2.0	0.33379077916470123	1555336473.182518
7474	97	inc	p-s+	808	3010	emoscale1	1.0	0.4172173125834888	1555336490.6775186
7474	98	con	p-s-	711	3261	emoscale1	1.0	0.5840529700662955	1555336508.2625244
7474	99	con	p0s0	425	7560	emoscale1	3	None	1555336525.8045275
7474	100	inc	p+s-	625	5470	emoscale1	2.0	0.2837355795008989	1555336543.3335304
7474	101	con	p0s0	225	4279	emoscale1	4.0	0.000198406623894698	1555336560.916536
7474	102	con	p-s-	420	3005	emoscale1	1.0	0.41736319097890373	1555336578.417537
7474	103	inc	p+s-	624	4652	emoscale1	2.0	0.00019930710823246045	1555336595.9845417
7474	104	inc	p+s-	424	4651	emoscale1	2.0	0.2169833068292064	1555336613.558547
7474	105	con	p-s-	134	8230	emoscale1	2.0	0.2337127972568851	1555336631.0545478
7474	106	con	p-s-	625	6250	emoscale1	2.0	0.21699111102316238	1555336648.6395533
7474	107	con	p+s+	215	4651	emoscale1	3	None	1555336666.1415544
7474	108	con	p-s-	288	9325	emoscale1	1.0	0.46733494579984836	1555336683.7465613
7474	109	inc	p-s+	205	9253	emoscale1	1.0	0.5673507943165532	1555336701.2625632
7474	110	inc	p-s+	360	6230	emoscale1	2.0	0.20029884059658798	1555336718.8405685
7474	111	inc	p+s-	260	4490	emoscale1	2.0	0.30036481605293375	1555336736.3315692
7474	112	inc	p+s-	255	9156	emoscale1	2.0	0.23367887902986695	1555336753.913575
7474	113	con	p+s+	813	8034	emoscale1	4.0	0.0002014082365349168	1555336771.4875798
7474	114	inc	p+s-	291	5621	emoscale1	2.0	0.00019330388204252813	1555336788.989581
7474	115	con	p-s-	713	6510	emoscale1	2.0	0.43386846091107145	1555336806.5175836
7474	116	inc	p+s-	502	8034	emoscale1	3	None	1555336824.0875885
7474	117	con	p+s+	815	8370	emoscale1	5.0	0.9510211787819571	1555336841.6065905
7474	118	inc	p-s+	813	9423	emoscale1	2.0	0.18360296823539102	1555336859.2075973
7474	119	inc	p+s-	134	4660	emoscale1	2.0	0.11689031685637019	1555336876.6895971
