7777	0	con	p-s-	283	9184	emospace1	[-0.8673950195312501, -0.012632446289062507]	2.5178942553247907	1555596523.7584536
7777	1	inc	p-s+	601	3195	emospace1	[-0.5296990966796875, -0.6526770019531254]	2.033450875442213	1555596541.2414534
7777	2	inc	p+s-	312	8370	emospace1	[0.7860784912109374, 0.23554443359375019]	5.050317988025199	1555596558.7224534
7777	3	con	p+s+	202	4668	emospace1	[0.7314056396484379, 0.12063842773437505]	2.7834949987554864	1555596576.1954527
7777	4	con	p+s+	815	8370	emospace1	[0.5739031982421876, 0.45164794921875023]	3.633576581865782	1555596593.670452
7777	5	con	p-s-	288	9325	emospace1	[-0.5230651855468751, 0.39377441406249997]	4.3836675299207855	1555596611.1424515
7777	6	inc	p-s+	378	3120	emospace1	[-0.808283081054687, 0.33830017089843745]	1.8836065977229737	1555596628.619451
7777	7	con	p-s-	625	6250	emospace1	[-0.001506958007812551, -0.694912109375]	4.433542483850033	1555596646.0904503
7777	8	con	p-s-	260	3102	emospace1	[-0.9316394042968749, 0.9482556152343748]	2.6001563226018334	1555596663.5564492
7777	9	con	p+s+	716	4652	emospace1	[0.5435510253906252, -0.9469610595703122]	5.90026209849384	1555596681.0224483
7777	10	con	p-s-	624	9902	emospace1	[-0.6984729003906254, -0.2258251953124999]	7.117280370945082	1555596698.5084486
7777	11	con	p-s-	501	3195	emospace1	[-0.7361511230468755, 0.8236401367187495]	2.183444932303246	1555596715.9784477
7777	12	inc	p-s+	220	2683	emospace1	[-0.5400262451171877, -0.032216186523437405]	4.283502202564705	1555596733.4594476
7777	13	con	p0s0	358	2115	emospace1	[0.0084124755859375, -0.6010931396484377]	2.766998882209009	1555596750.937447
7777	14	inc	p+s-	241	8001	emospace1	[0.255506591796875, 0.23468994140625007]	6.934134096456546	1555596768.4204473
7777	15	inc	p-s+	815	9622	emospace1	[0.6064038085937499, 0.39930908203124993]	5.183697365690023	1555596785.8924468
7777	16	inc	p-s+	110	6213	emospace1	[-0.5799945068359378, 0.13290100097656252]	5.983807944117871	1555596803.3564456
7777	17	inc	p+s-	288	4668	emospace1	[-0.5539233398437501, -0.260054931640625]	5.883663928019814	1555596820.836445
7777	18	inc	p+s-	719	5215	emospace1	[-0.8934411621093746, 0.967344360351562]	1.7669244428761886	1555596838.3244455
7777	19	con	p0s0	425	7560	emospace1	[-0.6315753173828116, -0.028565673828125096]	6.666897488634277	1555596855.7974448
7777	20	con	p-s-	291	1525	emospace1	[-0.4394647216796878, 0.4776574707031257]	5.9669318267769995	1555596873.2604437
7777	21	con	p0s0	322	9635	emospace1	[0.006503906250000049, 0.4348614501953131]	4.083448594239599	1555596890.7274427
7777	22	inc	p+s-	290	4697	emospace1	[0.016453857421874985, -0.6131359863281248]	9.000153080887685	1555596908.198442
7777	23	con	p+s+	220	5623	emospace1	[-0.11864440917968783, 0.21512023925781243]	4.766922641923884	1555596925.665441
7777	24	con	p-s-	134	8230	emospace1	[-0.39147766113281274, 0.4042376708984376]	4.900212272164936	1555596943.1304402
7777	25	con	p-s-	241	3010	emospace1	[-0.7761968994140624, 0.8207977294921874]	4.533625567750278	1555596960.5964391
7777	26	inc	p+s-	424	4651	emospace1	[0.5696630859375, -0.43549194335937513]	5.250176193098014	1555596978.0614378
7777	27	con	p-s-	289	6263	emospace1	[-0.646025390625, 0.6326446533203129]	4.5002158140341635	1555596995.5374377
7777	28	inc	p+s-	699	8380	emospace1	[0.008903198242187466, 0.8577551269531254]	2.983397026990133	1555597013.0154374
7777	29	inc	p-s+	109	3261	emospace1	[-0.8911901855468753, 0.9056494140625005]	2.6668938867296674	1555597030.4814363
7777	30	con	p+s+	367	5470	emospace1	[1.0, 0.05202819824218753]	8.933619324452593	1555597047.9484353
7777	31	inc	p-s+	215	3101	emospace1	[-0.7971527099609378, 0.14753479003906256]	3.3169713876814058	1555597065.4164345
7777	32	inc	p+s-	106	7405	emospace1	[0.3985626220703125, -0.5571472167968753]	3.51676475849672	1555597082.8864336
7777	33	con	p0s0	724	6570	emospace1	[0.02330810546875, 0.8268750000000005]	4.23357051865969	1555597100.3684337
7777	34	con	p0s0	361	7632	emospace1	[-0.565921630859375, -0.012076416015624973]	3.833540142612037	1555597117.8394327
7777	35	con	p+s+	353	4660	emospace1	[0.650608520507813, 0.1375573730468749]	3.7003069421916734	1555597135.3344336
7777	36	inc	p-s+	813	9423	emospace1	[0.024996337890624783, 0.2982342529296876]	8.416835055646516	1555597152.8024325
7777	37	con	p+s+	415	4490	emospace1	[-0.37088806152343756, 0.27213317871093745]	5.450146657491132	1555597170.2674317
7777	38	inc	p+s-	713	7501	emospace1	[-0.14109619140625002, 0.6085949707031255]	4.500056129658333	1555597187.7384307
7777	39	con	p0s0	723	9926	emospace1	[0.010459594726562545, -0.26612976074218736]	7.700253513954522	1555597205.20343
7777	40	inc	p+s-	289	8186	emospace1	[0.14532348632812503, 0.5977764892578126]	5.166913697197742	1555597222.6704288
7777	41	inc	p-s+	366	6263	emospace1	[-0.2523620605468749, 0.5917193603515624]	3.333487314699596	1555597240.1424282
7777	42	con	p-s-	420	3005	emospace1	[-0.6195660400390625, 0.40791931152343747]	8.183820430716878	1555597257.621428
7777	43	inc	p+s-	422	4800	emospace1	[1.0, -0.3935620117187499]	8.600375738540606	1555597275.087427
7777	44	con	p+s+	360	4656	emospace1	[0.23908752441406247, 0.7792077636718758]	2.866872755563236	1555597292.552426
7777	45	inc	p-s+	610	3063	emospace1	[-0.8757177734375, 0.8774639892578127]	2.7001949830264493	1555597310.037426
7777	46	con	p-s-	502	6231	emospace1	[0.0, 0.5979705810546878]	2.0671679915649293	1555597327.5154254
7777	47	con	p-s-	719	6821	emospace1	[-1.0, 0.160047607421875]	5.650389065584022	1555597344.9914253
7777	48	inc	p+s-	709	8193	emospace1	[0.18664733886718732, 0.5751690673828126]	3.500927189928916	1555597362.4564242
7777	49	con	p+s+	205	9156	emospace1	[1.0, 0.2440808105468748]	2.4169977416058828	1555597379.9254234
7777	50	con	p0s0	705	2309	emospace1	[-0.15310974121093748, -0.4811834716796876]	8.700189880331891	1555597397.3964226
7777	51	con	p+s+	365	8193	emospace1	[0.11956420898437498, 0.4830603027343751]	3.583535940389993	1555597414.8744223
7777	52	inc	p-s+	205	9253	emospace1	[-0.2907897949218753, 0.8930816650390625]	3.4169524176577397	1555597432.3434215
7777	53	con	p0s0	382	7079	emospace1	[0.003244628906250031, -0.5783477783203125]	4.066466520907852	1555597449.8154209
7777	54	inc	p-s+	200	3005	emospace1	[-0.6770355224609377, -0.4614141845703126]	2.9002786072160234	1555597467.2904203
7777	55	con	p0s0	120	1945	emospace1	[0.5644244384765625, 0.07403869628906258]	6.33358546656018	1555597484.7604196
7777	56	inc	p+s-	293	2300	emospace1	[0.22793029785156252, 0.5504730224609378]	1.7001811757327232	1555597502.2394195
7777	57	con	p+s+	215	4651	emospace1	[1.0, 0.7510186767578124]	5.434228946574876	1555597519.7094185
7777	58	inc	p+s-	276	8341	emospace1	[-1.0, 0.6476544189453126]	2.783600354428927	1555597537.1934185
7777	59	con	p+s+	201	4800	emospace1	[1.0, -0.3103387451171877]	6.266973668887658	1555597554.6604176
7777	60	con	p+s+	355	8178	emoscale1	4.0	1.7499906950833974	1555598261.0438204
7777	61	inc	p-s+	808	3010	emoscale1	1.0	1.583374755220575	1555598278.5108194
7777	62	inc	p+s-	703	4611	emoscale1	4.0	0.933362688843772	1555598295.9808187
7777	63	con	p-s-	255	3063	emoscale1	1.0	1.166757014405448	1555598313.4468179
7777	64	inc	p+s-	134	4660	emoscale1	4.0	1.3335599530801119	1555598330.9138167
7777	65	con	p0s0	728	2525	emoscale1	3.0	3.600085485169984	1555598348.386816
7777	66	inc	p+s-	625	5470	emoscale1	2.0	1.6001209038877278	1555598365.864816
7777	67	con	p0s0	720	7046	emoscale1	2.0	0.3336259879724821	1555598383.3288145
7777	68	inc	p+s-	255	9156	emoscale1	2.0	1.2334315452280862	1555598400.798814
7777	69	inc	p-s+	352	6231	emoscale1	3	None	1555598418.2908144
7777	70	con	p+s+	366	7501	emoscale1	5.0	5.233455858076923	1555598435.767814
7777	71	inc	p+s-	277	4647	emoscale1	2.0	2.683554190032737	1555598453.2358131
7777	72	inc	p-s+	367	9429	emoscale1	2.0	2.9671884623858205	1555598470.731814
7777	73	inc	p+s-	501	4656	emoscale1	4.0	4.699648394213	1555598488.197813
7777	74	inc	p-s+	355	3150	emoscale1	1.0	0.5334763889259193	1555598505.666812
7777	75	inc	p-s+	311	8230	emoscale1	2.0	0.5334121549822157	1555598523.1338112
7777	76	inc	p+s-	423	5270	emoscale1	2.0	3.183530177342618	1555598540.6028104
7777	77	con	p+s+	200	4697	emoscale1	4.0	4.683599513984518	1555598558.0738094
7777	78	con	p0s0	152	9468	emoscale1	4.0	0.3500200505950488	1555598575.5588095
7777	79	con	p+s+	110	8380	emoscale1	4.0	0.4165787201964122	1555598593.0368092
7777	80	inc	p-s+	820	6821	emoscale1	2.0	1.8836513213573198	1555598610.5038085
7777	81	inc	p-s+	216	3015	emoscale1	1.0	1.2334483541126247	1555598627.9728074
7777	82	inc	p-s+	202	9902	emoscale1	4.0	1.166829052472167	1555598645.4398067
7777	83	inc	p-s+	351	6250	emoscale1	3	None	1555598662.9068055
7777	84	con	p0s0	368	7595	emoscale1	3	None	1555598680.3728046
7777	85	con	p-s-	106	6213	emoscale1	2.0	2.016751251361711	1555598697.8398037
7777	86	inc	p+s-	291	5621	emoscale1	5.0	1.3667929133735015	1555598715.307803
7777	87	inc	p-s+	204	3053	emoscale1	1.0	1.2167748438296258	1555598732.7858026
7777	88	inc	p-s+	817	1525	emoscale1	2.0	0.9834870745689841	1555598750.2748027
7777	89	inc	p+s-	420	8178	emoscale1	4.0	0.38350784554859274	1555598767.7548027
7777	90	inc	p+s-	310	8470	emoscale1	3.0	1.9669906578637892	1555598785.2228017
7777	91	con	p-s-	713	6510	emoscale1	2.0	0.00021311260934453458	1555598802.6888008
7777	92	con	p0s0	170	1112	emoscale1	1.0	0.6167478895877139	1555598820.1578
7777	93	inc	p+s-	283	4659	emoscale1	3	None	1555598837.626799
7777	94	inc	p-s+	201	9163	emoscale1	2.0	2.350211551784014	1555598855.0957983
7777	95	con	p0s0	130	7092	emoscale1	4.0	2.266727838989027	1555598872.6007996
7777	96	con	p+s+	817	8470	emoscale1	4.0	1.0835761616435775	1555598890.077799
7777	97	inc	p+s-	295	5623	emoscale1	4.0	1.2334693652119313	1555598907.5447981
7777	98	con	p0s0	377	6010	emoscale1	3	None	1555598925.008797
7777	99	inc	p+s-	502	8034	emoscale1	5.0	1.3166946414494305	1555598942.477796
7777	100	inc	p-s+	365	6510	emoscale1	2.0	8.083443191382685	1555598959.9457953
7777	101	con	p-s-	711	3261	emoscale1	2.0	8.950171570657403	1555598977.4137943
7777	102	con	p-s-	709	9163	emoscale1	1.0	0.6167998170240026	1555598994.8817935
7777	103	con	p0s0	104	2810	emoscale1	1.0	0.6999773680399812	1555599012.3447924
7777	104	inc	p-s+	353	6370	emoscale1	2.0	0.23344024982725387	1555599029.8137915
7777	105	con	p+s+	352	8186	emoscale1	5.0	1.3167441676196177	1555599047.2827907
7777	106	inc	p-s+	415	9325	emoscale1	2.0	3.5669491759472294	1555599064.7517898
7777	107	inc	p+s-	624	4652	emoscale1	4.0	1.0168584079801803	1555599082.2487905
7777	108	con	p-s-	277	3053	emoscale1	1.0	1.6837573974116822	1555599099.7267904
7777	109	con	p0s0	225	4279	emoscale1	4.0	1.1834776495925325	1555599117.1997898
7777	110	con	p+s+	808	8341	emoscale1	4.0	1.3667559938658087	1555599134.6667888
7777	111	inc	p-s+	210	3102	emoscale1	1.0	2.200124145598238	1555599152.1307876
7777	112	con	p+s+	813	8034	emoscale1	5.0	2.150080802693992	1555599169.602787
7777	113	con	p0s0	132	7249	emoscale1	3	None	1555599187.072786
7777	114	inc	p-s+	360	6230	emoscale1	2.0	0.9833796177917975	1555599204.548786
7777	115	inc	p+s-	260	4490	emoscale1	1.0	1.9334887554578017	1555599222.018785
7777	116	inc	p+s-	711	8130	emoscale1	2.0	1.9667937538215483	1555599239.486784
7777	117	con	p0s0	373	9402	emoscale1	2.0	0.3501755327524734	1555599256.952783
7777	118	con	p-s-	423	2683	emoscale1	2.0	3.533507005100546	1555599274.420782
7777	119	inc	p-s+	716	9184	emoscale1	2.0	0.2667683604013291	1555599291.8927815
