8722	0	inc	p-s+	601	3195	emospace1	[-0.6651629638671875, 0.6434417724609373]	1.6184699356126657	1554983240.3664021
8722	1	con	p0s0	225	4279	emospace1	[0.8701336669921876, 0.0]	3.654076366645313	1554983257.8764036
8722	2	inc	p-s+	365	6510	emospace1	[-0.6376629638671875, 0.6665710449218751]	1.751964335937373	1554983275.3784046
8722	3	con	p0s0	368	7595	emospace1	[0.6674847412109377, -0.6772753906250001]	6.13970325372793	1554983292.8634045
8722	4	inc	p+s-	134	4660	emospace1	[0.8477520751953127, 0.0]	2.452668786412687	1554983310.3654058
8722	5	con	p-s-	713	6510	emospace1	[-0.6675012207031252, 0.612035522460938]	1.1349126663335483	1554983327.8494058
8722	6	inc	p-s+	220	2683	emospace1	[-0.677974853515625, 0.6154766845703127]	1.768760507551633	1554983345.3524067
8722	7	inc	p+s-	501	4656	emospace1	[-0.6220788574218749, 0.5811120605468751]	3.253492311196169	1554983362.8344066
8722	8	inc	p-s+	815	9622	emospace1	[-0.8283917236328124, 0.0023449707031251224]	6.9906256369067705	1554983380.3534088
8722	9	inc	p+s-	502	8034	emospace1	[0.6569744873046873, -0.69791015625]	2.9698586206432083	1554983397.838409
8722	10	inc	p-s+	610	3063	emospace1	[-0.6909411621093753, 0.6246911621093753]	1.1013206232710218	1554983415.3384097
8722	11	con	p+s+	110	8380	emospace1	[0.8633062744140627, 0.0]	1.0846135998035606	1554983432.82441
8722	12	con	p-s-	283	9184	emospace1	[-0.8526574707031256, 0.0]	1.0178686508552346	1554983450.3304112
8722	13	inc	p-s+	353	6370	emospace1	[-0.6025024414062501, 0.6065649414062501]	1.0345582649206335	1554983467.810411
8722	14	inc	p-s+	200	3005	emospace1	[-0.6332855224609374, 0.6431323242187497]	1.6855459633734426	1554983485.3114119
8722	15	inc	p+s-	291	5621	emospace1	[0.6680175781250007, 0.6465747070312503]	1.3181877532078943	1554983502.7954123
8722	16	inc	p-s+	109	3261	emospace1	[-0.6370330810546874, 0.6592205810546873]	0.9679129697942699	1554983520.2964132
8722	17	con	p-s-	260	3102	emospace1	[-0.6245324707031247, 0.5954705810546874]	1.017930184090801	1554983537.7804132
8722	18	con	p0s0	728	2525	emospace1	[0.6655810546875006, -0.6585479736328125]	1.6017902269013575	1554983555.2884145
8722	19	con	p-s-	624	9902	emospace1	[-0.64437744140625, 0.6332830810546873]	1.134650324638642	1554983572.7684143
8722	20	inc	p-s+	360	6230	emospace1	[-0.6170367431640628, 0.658753662109375]	0.9845008288975805	1554983590.2674153
8722	21	inc	p+s-	283	4659	emospace1	[0.8506097412109377, 0.0]	6.506778110855521	1554983607.7704165
8722	22	con	p-s-	277	3053	emospace1	[-0.6220385742187499, 0.6554797363281253]	0.901122096045583	1554983625.2634168
8722	23	con	p+s+	367	5470	emospace1	[0.8985443115234377, 0.0]	0.8176764270356216	1554983642.7564173
8722	24	inc	p+s-	277	4647	emospace1	[0.8968011474609373, 0.0]	1.5184003880494856	1554983660.2454178
8722	25	con	p-s-	289	6263	emospace1	[-0.8978161621093756, 0.0]	0.8678332167182816	1554983677.7454185
8722	26	con	p-s-	106	6213	emospace1	[-0.6296923828125, 0.6100067138671874]	0.9687023961632804	1554983695.2254186
8722	27	con	p0s0	120	1945	emospace1	[-0.028977050781250027, -0.8539440917968752]	3.5371196983469417	1554983712.7274194
8722	28	inc	p-s+	378	3120	emospace1	[-0.6792211914062505, 0.6534393310546879]	0.9845089332775387	1554983730.2124195
8722	29	inc	p+s-	711	8130	emospace1	[-0.876787719726561, 0.0]	2.619488085514604	1554983747.7134206
8722	30	inc	p+s-	295	5623	emospace1	[0.6690319824218748, -0.67775634765625]	3.620532049360918	1554983765.2154217
8722	31	con	p-s-	423	2683	emospace1	[-0.6506262207031253, 0.6359393310546877]	0.7510539442373556	1554983782.7174225
8722	32	con	p0s0	425	7560	emospace1	[-0.049849853515625, -0.9150592041015624]	4.688285543023085	1554983800.1994228
8722	33	con	p-s-	719	6821	emospace1	[-0.8584576416015622, 0.025856323242187482]	2.2024110221937008	1554983817.7014236
8722	34	con	p+s+	201	4800	emospace1	[0.8493389892578127, 0.0]	2.2691370609245496	1554983835.1854236
8722	35	inc	p-s+	210	3102	emospace1	[-0.6296893310546879, 0.6376580810546875]	0.9678838540676225	1554983852.6854246
8722	36	con	p+s+	352	8186	emospace1	[0.6085980224609375, 0.6145428466796874]	1.601790527063713	1554983870.1724248
8722	37	inc	p+s-	276	8341	emospace1	[-0.9067272949218753, 0.0518640136718748]	3.0198968462864286	1554983887.6724257
8722	38	inc	p-s+	202	9902	emospace1	[-0.6573498535156247, 0.6421911621093751]	0.8343522336399474	1554983905.1574259
8722	39	inc	p-s+	808	3010	emospace1	[-0.6778149414062499, 0.6723504638671874]	1.1179781199825811	1554983922.6574266
8722	40	con	p0s0	720	7046	emospace1	[-0.8968774414062506, 0.0]	0.834349832344742	1554983940.1414268
8722	41	con	p0s0	361	7632	emospace1	[0.5905938720703126, 0.6599719238281251]	1.3516192095339647	1554983957.6484282
8722	42	con	p-s-	501	3195	emospace1	[-0.626563720703125, 0.6462518310546876]	1.0180175312671054	1554983975.1334283
8722	43	inc	p+s-	713	7501	emospace1	[0.6868048095703125, 0.622974853515625]	3.286846625862381	1554983992.630429
8722	44	inc	p+s-	420	8178	emospace1	[0.8402966308593748, 0.0]	1.1514377915518708	1554984010.113429
8722	45	con	p0s0	130	7092	emospace1	[-0.8985479736328122, 0.05542602539062522]	3.520412374724401	1554984027.6224306
8722	46	inc	p+s-	260	4490	emospace1	[0.6671295166015624, 0.6225097656249998]	3.136688725582644	1554984045.09943
8722	47	con	p0s0	152	9468	emospace1	[0.6846533203124999, 0.6481329345703125]	1.318177547695086	1554984062.6044314
8722	48	inc	p+s-	288	4668	emospace1	[-0.9176568603515624, 0.0]	0.834474399624014	1554984080.1124327
8722	49	con	p+s+	215	4651	emospace1	[0.9190222167968748, 0.0]	1.3516675356331689	1554984097.6034331
8722	50	inc	p-s+	352	6231	emospace1	[-0.672191162109375, 0.7101593017578125]	1.1012972106254892	1554984115.0974336
8722	51	con	p+s+	202	4668	emospace1	[0.8947717285156251, 0.024849243164062562]	1.8186885737013654	1554984132.5974345
8722	52	inc	p-s+	110	6213	emospace1	[-0.6577081298828124, 0.5736022949218748]	1.6352213830687106	1554984150.089435
8722	53	con	p0s0	358	2115	emospace1	[-0.6828131103515631, -0.6331469726562495]	0.8677878922389937	1554984167.588436
8722	54	inc	p+s-	312	8370	emospace1	[0.8676550292968752, 0.011510009765624982]	2.3192017008404946	1554984185.0784364
8722	55	con	p+s+	365	8193	emospace1	[0.6621185302734377, -0.6803833007812501]	2.602829388153623	1554984202.5624363
8722	56	inc	p-s+	215	3101	emospace1	[-0.6473608398437499, 0.5964337158203126]	1.1013686492042325	1554984220.0614371
8722	57	con	p+s+	415	4490	emospace1	[-0.885963745117188, -0.034015502929687455]	1.8854068082182494	1554984237.5464373
8722	58	con	p0s0	705	2309	emospace1	[-0.6707867431640624, -0.6612518310546878]	1.2183091087499633	1554984255.0524387
8722	59	con	p+s+	813	8034	emospace1	[0.8674468994140622, 0.004699096679687598]	2.385925938600849	1554984272.5334384
8722	60	inc	p+s-	293	2300	emoscale1	4.0	0.2670323241582082	1554984982.3240361
8722	61	inc	p+s-	625	5470	emoscale1	1.0	0.6508448212880467	1554984999.8950412
8722	62	con	p-s-	502	6231	emoscale1	2.0	0.03343295714148553	1554985017.3880417
8722	63	con	p0s0	724	6570	emoscale1	3	None	1554985034.8810422
8722	64	inc	p-s+	205	9253	emoscale1	1.0	0.4171890237921616	1554985052.3670425
8722	65	con	p+s+	353	4660	emoscale1	4.0	0.2504111470589123	1554985069.8670433
8722	66	inc	p-s+	367	9429	emoscale1	4.0	1.151355847294326	1554985087.3510432
8722	67	con	p0s0	170	1112	emoscale1	5.0	0.5172963917830202	1554985104.8520443
8722	68	inc	p+s-	703	4611	emoscale1	5.0	1.7018351611732214	1554985122.3370445
8722	69	con	p+s+	220	5623	emoscale1	5.0	0.283747752160707	1554985139.8390455
8722	70	con	p0s0	373	9402	emoscale1	1.0	0.21699259770321078	1554985157.3230457
8722	71	inc	p-s+	813	9423	emoscale1	1.0	1.568375279490283	1554985174.8260467
8722	72	con	p-s-	291	1525	emoscale1	1.0	0.3171458904980682	1554985192.3080466
8722	73	inc	p-s+	820	6821	emoscale1	2.0	1.5350101589865517	1554985209.8100476
8722	74	inc	p+s-	289	8186	emoscale1	2.0	0.00019690634871949442	1554985227.2950478
8722	75	con	p-s-	288	9325	emoscale1	1.0	1.451590904245677	1554985244.798049
8722	76	con	p0s0	322	9635	emoscale1	3	None	1554985262.2810488
8722	77	con	p0s0	104	2810	emoscale1	3	None	1554985279.78205
8722	78	con	p+s+	716	4652	emoscale1	5.0	0.6508565276089939	1554985297.2940516
8722	79	inc	p+s-	106	7405	emoscale1	1.0	0.11692905338350101	1554985314.7880523
8722	80	inc	p-s+	216	3015	emoscale1	1.0	0.6174055607443734	1554985332.2700522
8722	81	con	p+s+	360	4656	emoscale1	4.0	1.1178898723192106	1554985349.769053
8722	82	inc	p+s-	422	4800	emoscale1	2.0	0.2504177506270935	1554985367.253053
8722	83	inc	p+s-	709	8193	emoscale1	2.0	0.3004037480641273	1554985384.756054
8722	84	con	p+s+	808	8341	emoscale1	5.0	0.5506573100137757	1554985402.2410543
8722	85	inc	p+s-	290	4697	emoscale1	1.0	0.3838473159339628	1554985419.7450552
8722	86	con	p+s+	205	9156	emoscale1	3	None	1554985437.2260551
8722	87	inc	p+s-	424	4651	emoscale1	1.0	0.21703672153307707	1554985454.726056
8722	88	con	p+s+	355	8178	emoscale1	5.0	0.6841343009364209	1554985472.2280571
8722	89	inc	p-s+	311	8230	emoscale1	1.0	0.8009198768268107	1554985489.712057
8722	90	con	p+s+	817	8470	emoscale1	5.0	0.5339965115163068	1554985507.2140582
8722	91	con	p+s+	366	7501	emoscale1	5.0	1.952158660889836	1554985524.7000585
8722	92	con	p+s+	200	4697	emoscale1	4.0	0.00018940229711006396	1554985542.2040596
8722	93	inc	p-s+	204	3053	emoscale1	1.0	0.7676312976618647	1554985559.69506
8722	94	con	p-s-	420	3005	emoscale1	1.0	0.5674516806502652	1554985577.1850603
8722	95	inc	p-s+	355	3150	emoscale1	1.0	0.28371983708348125	1554985594.6710606
8722	96	inc	p-s+	366	6263	emoscale1	3.0	2.752959373356134	1554985612.1770618
8722	97	con	p-s-	134	8230	emoscale1	2.0	1.4014857424481306	1554985629.6560614
8722	98	con	p-s-	709	9163	emoscale1	1.0	0.500595071396674	1554985647.162063
8722	99	inc	p-s+	716	9184	emoscale1	3	None	1554985664.648063
8722	100	con	p0s0	382	7079	emoscale1	4.0	1.1345599758460594	1554985682.166065
8722	101	inc	p-s+	351	6250	emoscale1	1.0	0.3505371251012548	1554985699.6440644
8722	102	inc	p+s-	719	5215	emoscale1	4.0	1.6184633320444846	1554985717.1580663
8722	103	con	p-s-	711	3261	emoscale1	1.0	0.2504285564646125	1554985734.6490667
8722	104	con	p0s0	377	6010	emoscale1	2.0	2.2523703051992925	1554985752.1330667
8722	105	inc	p+s-	624	4652	emoscale1	4.0	0.0168021748540923	1554985769.6640694
8722	106	con	p0s0	723	9926	emoscale1	2.0	1.3013960840253276	1554985787.2350745
8722	107	con	p-s-	625	6250	emoscale1	1.0	0.7675682636181591	1554985804.7190745
8722	108	con	p-s-	241	3010	emoscale1	1.0	0.6006994377639785	1554985822.2040744
8722	109	inc	p+s-	255	9156	emoscale1	2.0	0.10020341986819403	1554985839.7060757
8722	110	inc	p+s-	310	8470	emoscale1	5.0	0.5006220859904715	1554985857.1890757
8722	111	inc	p-s+	817	1525	emoscale1	4.0	0.00019330440409248695	1554985874.6900766
8722	112	con	p+s+	815	8370	emoscale1	5.0	1.2514782233884034	1554985892.1750767
8722	113	inc	p+s-	423	5270	emoscale1	3.0	1.401507654281886	1554985909.6770778
8722	114	con	p-s-	255	3063	emoscale1	1.0	0.2504033428449475	1554985927.1600778
8722	115	inc	p+s-	241	8001	emoscale1	4.0	0.00018850181004381739	1554985944.6710794
8722	116	inc	p-s+	415	9325	emoscale1	1.0	0.6674656982249871	1554985962.16808
8722	117	inc	p-s+	201	9163	emoscale1	2.0	0.25037242614416755	1554985979.65208
8722	118	inc	p+s-	699	8380	emoscale1	1.0	0.5172570705435646	1554985997.13408
8722	119	con	p0s0	132	7249	emoscale1	4.0	0.617334722483065	1554986014.6560822
