9937	0	inc	p-s+	378	3120	emospace1	[-0.6737695312500004, 0.637294311523438]	3.970809913247649	1555404992.2609508
9937	1	con	p-s-	709	9163	emospace1	[-0.928040161132813, 0.4899316406250002]	8.525963953027713	1555405009.9317176
9937	2	inc	p+s-	699	8380	emospace1	[0.39513977050781246, 0.39688659667968756]	4.621498093075388	1555405027.414466
9937	3	inc	p-s+	365	6510	emospace1	[-0.2637341308593749, 0.893682250976563]	6.573492694974448	1555405045.0142257
9937	4	inc	p+s-	420	8178	emospace1	[-0.9395635986328128, 0.9028234863281247]	6.189799798411514	1555405062.5029743
9937	5	inc	p-s+	351	6250	emospace1	[-0.22680969238281268, 0.9174963378906241]	8.34194255993134	1555405080.0687306
9937	6	con	p-s-	260	3102	emospace1	[-0.9157849121093754, 0.9320574951171875]	5.77268484083379	1555405097.5894825
9937	7	con	p+s+	366	7501	emospace1	[0.8972741699218754, 0.43922363281250004]	2.1523570766921694	1555405115.175241
9937	8	con	p-s-	289	6263	emospace1	[-0.09863037109375003, 0.5943176269531247]	6.790342430022065	1555405132.6829915
9937	9	inc	p-s+	352	6231	emospace1	[-0.20041992187500002, 0.6917297363281246]	8.358573897612587	1555405150.238747
9937	10	inc	p+s-	703	4611	emospace1	[-0.19691955566406255, 0.4238378906250002]	5.7393720385334746	1555405167.8465075
9937	11	con	p-s-	711	3261	emospace1	[-0.9089062500000006, 0.7984454345703127]	4.488095302414877	1555405185.332256
9937	12	inc	p-s+	210	3102	emospace1	[-0.26054443359375, 0.34699523925781234]	5.75601178073066	1555405202.884011
9937	13	con	p+s+	365	8193	emospace1	[0.30761596679687503, -0.2071685791015626]	6.223213755071811	1555405220.437766
9937	14	con	p+s+	817	8470	emospace1	[1.0, 0.29007446289062483]	5.43904174103227	1555405237.987521
9937	15	inc	p+s-	293	2300	emospace1	[0.3259423828124998, 0.2971997070312501]	5.505748989507083	1555405255.5532775
9937	16	con	p-s-	719	6821	emospace1	[-0.9696441650390627, 0.7787548828125006]	3.8875337606423273	1555405273.042026
9937	17	con	p-s-	420	3005	emospace1	[-1.0, 0.6628308105468754]	4.137691495409854	1555405290.643786
9937	18	con	p0s0	361	7632	emospace1	[0.35035766601562496, -0.29138366699218743]	8.191814781263929	1555405308.1525369
9937	19	inc	p-s+	216	3015	emospace1	[-0.20893127441406248, 0.549578857421875]	4.721633705953536	1555405325.7492964
9937	20	inc	p-s+	205	9253	emospace1	[-0.3289337158203126, 0.5111090087890626]	6.590238994435822	1555405343.2350447
9937	21	inc	p+s-	713	7501	emospace1	[0.12076965332031246, 0.5843804931640629]	4.3045424611191265	1555405360.8208032
9937	22	con	p+s+	415	4490	emospace1	[-1.0, 0.453446044921875]	3.386936139480895	1555405378.3385546
9937	23	con	p+s+	355	8178	emospace1	[0.5323767089843745, 1.0]	1.351096579302066	1555405395.923313
9937	24	inc	p+s-	255	9156	emospace1	[-1.0, 1.0]	2.6865913742039993	1555405413.4420645
9937	25	con	p-s-	241	3010	emospace1	[-0.993333740234375, 0.993809814453125]	2.5861742100205447	1555405430.9958198
9937	26	inc	p+s-	295	5623	emospace1	[-0.33266418457031255, -0.12392333984375008]	5.205577477336192	1555405448.5155716
9937	27	inc	p+s-	422	4800	emospace1	[0.18587280273437495, 0.6082061767578115]	6.706964522734779	1555405466.0983298
9937	28	inc	p-s+	215	3101	emospace1	[-0.13485107421875, 0.45465026855468743]	7.958255966756042	1555405483.6490846
9937	29	inc	p-s+	360	6230	emospace1	[-0.1321148681640625, 0.7534362792968747]	4.955188018040644	1555405501.1508348
9937	30	con	p+s+	360	4656	emospace1	[0.35383972167968725, 0.6492248535156252]	6.123037320256117	1555405518.7355928
9937	31	con	p0s0	373	9402	emospace1	[-0.007881469726562515, -0.192642822265625]	7.224279027549528	1555405536.2583451
9937	32	con	p0s0	724	6570	emospace1	[-0.2945190429687499, -0.5290338134765625]	3.82085382684636	1555405553.841103
9937	33	inc	p-s+	716	9184	emospace1	[-0.5159454345703126, 0.6448510742187503]	5.439072957807184	1555405571.3488538
9937	34	con	p+s+	201	4800	emospace1	[0.27766357421875, 0.7242205810546873]	2.386027251044652	1555405588.91361
9937	35	inc	p+s-	310	8470	emospace1	[0.09414550781249999, 0.34827514648437485]	8.742368548858394	1555405606.464365
9937	36	inc	p-s+	813	9423	emospace1	[-0.6228179931640624, 0.3864910888671874]	6.974766639592417	1555405624.0181203
9937	37	con	p-s-	283	9184	emospace1	[-0.995555419921875, 0.994285888671875]	1.635139523980797	1555405641.5228705
9937	38	con	p0s0	382	7079	emospace1	[-0.11406372070312501, -0.2150134277343751]	7.891508196505129	1555405659.008619
9937	39	inc	p+s-	312	8370	emospace1	[-0.1466864013671875, 0.293443603515625]	7.991699039062951	1555405676.5563736
9937	40	inc	p-s+	202	9902	emospace1	[-0.45377258300781254, 0.22704284667968747]	4.237365460197907	1555405694.0581236
9937	41	inc	p+s-	290	4697	emospace1	[-0.5912524414062502, 0.5684387207031248]	1.9855679442134715	1555405711.5458722
9937	42	con	p+s+	813	8034	emospace1	[0.5895086669921874, -0.24057739257812502]	8.141783894664513	1555405729.0786252
9937	43	inc	p-s+	201	9163	emospace1	[-0.25657287597656253, 0.2515740966796875]	5.856139889576298	1555405746.6343806
9937	44	inc	p-s+	610	3063	emospace1	[-1.0, 1.0]	2.3358826033108926	1555405764.1821353
9937	45	con	p+s+	367	5470	emospace1	[0.4996697998046877, -0.20634338378906258]	3.170062091368891	1555405781.7338903
9937	46	con	p0s0	104	2810	emospace1	[-0.10961975097656251, 0.24682861328125]	7.55786719783282	1555405799.253642
9937	47	con	p+s+	202	4668	emospace1	[0.21829101562500003, 0.31921569824218776]	1.7019578321396693	1555405816.796396
9937	48	inc	p+s-	625	5470	emospace1	[-0.11314514160156253, 0.4268646240234374]	8.14177579031093	1555405834.3901553
9937	49	con	p-s-	291	1525	emospace1	[-0.07900695800781254, 1.0]	5.7226392463308	1555405851.8919053
9937	50	inc	p-s+	353	6370	emospace1	[0.008958740234374964, 1.0]	6.790366442925006	1555405869.4776638
9937	51	con	p-s-	106	6213	emospace1	[-0.6097412109374999, 1.0]	4.7216271024044545	1555405886.9784136
9937	52	con	p-s-	624	9902	emospace1	[-1.0, 1.0]	1.7352406183090352	1555405904.5661721
9937	53	inc	p+s-	260	4490	emospace1	[-0.3373773193359374, 0.155831298828125]	7.007287316202564	1555405922.0999255
9937	54	inc	p+s-	283	4659	emospace1	[0.0, 0.29862548828124996]	0.8677273166595114	1555405939.6526804
9937	55	inc	p+s-	276	8341	emospace1	[-0.24563598632812503, 0.7183325195312475]	7.307614612092948	1555405957.2044353
9937	56	con	p+s+	808	8341	emospace1	[0.6618811035156255, 0.6521661376953127]	3.086626553109454	1555405974.7061856
9937	57	con	p+s+	205	9156	emospace1	[0.10571166992187501, 0.16142333984374999]	7.157544164232604	1555405992.291944
9937	58	inc	p-s+	817	1525	emospace1	[-0.40680725097656245, 1.0]	1.8520630987077311	1555406009.8106956
9937	59	con	p+s+	716	4652	emospace1	[0.2933911132812501, 0.4513256835937499]	8.375343009332937	1555406027.3944538
9937	60	inc	p-s+	366	6263	emoscale1	2.0	4.888395823916653	1555406743.297037
9937	61	con	p0s0	120	1945	emoscale1	3.0	2.4026036592076707	1555406760.7957864
9937	62	con	p+s+	215	4651	emoscale1	4.0	1.4849907340212667	1555406778.2965367
9937	63	con	p0s0	225	4279	emoscale1	5.0	0.7008289254645206	1555406795.7812848
9937	64	con	p-s-	134	8230	emoscale1	4.0	5.622467914256049	1555406813.3330398
9937	65	inc	p+s-	709	8193	emoscale1	2.0	0.7008439335295407	1555406830.83679
9937	66	con	p0s0	377	6010	emoscale1	2.0	0.5506735319559084	1555406848.3215382
9937	67	con	p+s+	200	4697	emoscale1	3	None	1555406865.8442903
9937	68	con	p0s0	132	7249	emoscale1	3	None	1555406883.4780536
9937	69	inc	p+s-	241	8001	emoscale1	4.0	0.016799728173282347	1555406901.0688126
9937	70	con	p-s-	255	3063	emoscale1	1.0	2.6695178989175474	1555406918.5795636
9937	71	inc	p-s+	808	3010	emoscale1	1.0	0.917681962288043	1555406936.1653218
9937	72	con	p-s-	288	9325	emoscale1	1.0	0.11687410814738541	1555406953.6880739
9937	73	con	p+s+	352	8186	emoscale1	5.0	0.8676948992397229	1555406971.2528303
9937	74	con	p+s+	110	8380	emoscale1	5.0	0.5506819364727562	1555406988.7725818
9937	75	inc	p+s-	289	8186	emoscale1	3.0	4.454636021397164	1555407006.3563402
9937	76	con	p-s-	423	2683	emoscale1	2.0	0.4671662551445479	1555407023.8620906
9937	77	con	p0s0	152	9468	emoscale1	4.0	2.085592197247024	1555407041.4638505
9937	78	inc	p-s+	415	9325	emoscale1	1.0	0.21702292812187807	1555407058.9505992
9937	79	con	p-s-	625	6250	emoscale1	2.0	3.3367878898116032	1555407076.530357
9937	80	inc	p-s+	220	2683	emoscale1	4.0	0.00019480468836263753	1555407094.0841122
9937	81	con	p-s-	713	6510	emoscale1	2.0	0.00019180307390342932	1555407111.6018636
9937	82	inc	p-s+	355	3150	emoscale1	1.0	0.10020014755900775	1555407129.137617
9937	83	inc	p+s-	134	4660	emoscale1	3	None	1555407146.7223754
9937	84	con	p+s+	353	4660	emoscale1	5.0	1.3014252859484259	1555407164.2421272
9937	85	con	p+s+	815	8370	emoscale1	5.0	0.6841384560066217	1555407181.8278856
9937	86	inc	p+s-	711	8130	emoscale1	4.0	0.9344117528762581	1555407199.3296356
9937	87	con	p0s0	728	2525	emoscale1	3	None	1555407216.905393
9937	88	con	p+s+	220	5623	emoscale1	5.0	0.9010155057330849	1555407234.4391463
9937	89	con	p0s0	322	9635	emoscale1	2.0	0.46723229063354665	1555407252.069909
9937	90	inc	p+s-	502	8034	emoscale1	2.0	0.06683661799979745	1555407269.6546676
9937	91	inc	p+s-	106	7405	emoscale1	2.0	0.08353729294140066	1555407287.1784198
9937	92	inc	p+s-	624	4652	emoscale1	2.0	2.4860515040800237	1555407304.741176
9937	93	con	p-s-	502	6231	emoscale1	1.0	0.13325301016811864	1555407322.2689283
9937	94	inc	p+s-	423	5270	emoscale1	4.0	0.2670222977812955	1555407339.8136828
9937	95	con	p-s-	501	3195	emoscale1	1.0	0.7508535086744814	1555407357.4014413
9937	96	inc	p-s+	815	9622	emoscale1	4.0	0.00019180307390342932	1555407374.8831892
9937	97	inc	p+s-	719	5215	emoscale1	2.0	0.2837313772415655	1555407392.3789387
9937	98	con	p0s0	705	2309	emoscale1	3	None	1555407409.89269
9937	99	inc	p-s+	311	8230	emoscale1	4.0	0.20030424350079556	1555407427.455446
9937	100	inc	p-s+	110	6213	emoscale1	4.0	0.00018970194651046768	1555407445.007201
9937	101	con	p0s0	720	7046	emoscale1	2.0	2.636103041775641	1555407462.5589557
9937	102	con	p0s0	130	7092	emoscale1	2.0	0.46723769353593525	1555407480.0877087
9937	103	con	p0s0	170	1112	emoscale1	1.0	0.5006189326140884	1555407497.6144612
9937	104	inc	p+s-	501	4656	emoscale1	3	None	1555407515.1982193
9937	105	con	p0s0	358	2115	emoscale1	3	None	1555407532.7309725
9937	106	inc	p+s-	424	4651	emoscale1	2.0	0.6001446177178877	1555407550.2707262
9937	107	inc	p-s+	601	3195	emoscale1	2.0	0.23364436047995696	1555407567.859485
9937	108	con	p0s0	425	7560	emoscale1	4.0	0.000193003721506102	1555407585.3592348
9937	109	inc	p-s+	820	6821	emoscale1	4.0	0.4338759649435815	1555407602.925991
9937	110	inc	p+s-	288	4668	emoscale1	4.0	0.7174944815342315	1555407620.503749
9937	111	con	p-s-	277	3053	emoscale1	1.0	0.16697733361797873	1555407638.0064988
9937	112	inc	p-s+	109	3261	emoscale1	1.0	0.2837313772415655	1555407655.5322514
9937	113	inc	p-s+	200	3005	emoscale1	1.0	0.5506609251806367	1555407673.1170096
9937	114	inc	p+s-	291	5621	emoscale1	5.0	8.091618235639544	1555407690.6387615
9937	115	inc	p-s+	204	3053	emoscale1	1.0	0.30040653847390786	1555407708.214519
9937	116	con	p0s0	368	7595	emoscale1	3	None	1555407725.7242699
9937	117	con	p0s0	723	9926	emoscale1	2.0	0.00019090259047516156	1555407743.3250296
9937	118	inc	p+s-	277	4647	emoscale1	2.0	2.786229919958714	1555407760.8337805
9937	119	inc	p-s+	367	9429	emoscale1	2.0	1.2847429208450194	1555407778.42954
