9952	0	con	p+s+	200	4697	emospace1	[0.4117755126953123, 0.5248590087890627]	2.552755443213755	1554977944.2420783
9952	1	con	p+s+	353	4660	emospace1	[0.10204406738281252, 0.17703186035156251]	1.5025164091111947	1554977961.807083
9952	2	con	p-s-	255	3063	emospace1	[-0.33703369140625, -0.3737969970703125]	0.8176755265521933	1554977979.3410857
9952	3	inc	p-s+	360	6230	emospace1	[0.08477966308593751, 0.2875073242187501]	1.1522794461288868	1554977996.9260914
9952	4	con	p0s0	322	9635	emospace1	[-0.009016113281250002, -0.36300903320312505]	1.9021669603753253	1554978014.4300928
9952	5	con	p0s0	104	2810	emospace1	[-0.3446942138671877, 0.36625915527343744]	1.0178785562093253	1554978032.0290992
9952	6	con	p0s0	358	2115	emospace1	[0, 0]	None	1554978049.5441012
9952	7	con	p0s0	152	9468	emospace1	[0.07156433105468754, -0.2672918701171875]	1.8353415679812315	1554978067.1031055
9952	8	inc	p+s-	277	4647	emospace1	[0.0645330810546875, 0.3159521484375]	2.5027331261608197	1554978084.6201074
9952	9	inc	p-s+	215	3101	emospace1	[-0.6910119628906249, 0.11381896972656251]	2.8363762267999846	1554978102.2011127
9952	10	inc	p-s+	716	9184	emospace1	[-0.6944598388671877, -0.08637756347656247]	4.6217110861580295	1554978119.7741182
9952	11	inc	p+s-	709	8193	emospace1	[0.0, 0.20750915527343755]	1.017863247940113	1554978137.254118
9952	12	con	p0s0	368	7595	emospace1	[0, 0]	None	1554978154.8381236
9952	13	con	p-s-	288	9325	emospace1	[-0.63581298828125, 0.15566345214843752]	3.920807628201146	1554978172.3591259
9952	14	con	p+s+	817	8470	emospace1	[-0.2633074951171875, 0.18454467773437505]	3.754039056493639	1554978189.9401314
9952	15	con	p-s-	289	6263	emospace1	[0.012453002929687509, 0.2181365966796875]	4.838420330821464	1554978207.4301317
9952	16	con	p+s+	202	4668	emospace1	[0.6469500732421876, 0.12603820800781276]	2.38562727729186	1554978224.9201322
9952	17	inc	p+s-	241	8001	emospace1	[0.5987493896484376, -0.09577209472656248]	8.658989120023762	1554978242.4521348
9952	18	inc	p-s+	378	3120	emospace1	[-0.14306640624999997, -0.07428405761718752]	3.086722538842878	1554978259.9801376
9952	19	con	p-s-	260	3102	emospace1	[-0.5755474853515626, 0.33151733398437516]	7.174120442452477	1554978277.546142
9952	20	inc	p-s+	110	6213	emospace1	[0, 0]	None	1554978295.097146
9952	21	con	p+s+	815	8370	emospace1	[0.28136596679687503, 0.5275170898437501]	1.2849225866902998	1554978312.6501498
9952	22	con	p+s+	360	4656	emospace1	[0.5777612304687502, 0.42642028808593757]	1.1013443360770907	1554978330.1491506
9952	23	con	p-s-	277	3053	emospace1	[-0.6543927001953124, 0.016252441406250002]	2.8535785177573416	1554978347.7121553
9952	24	inc	p-s+	220	2683	emospace1	[0.3507843017578124, -0.065872802734375]	3.4203020051136264	1554978365.2881608
9952	25	con	p-s-	719	6821	emospace1	[-0.5345794677734376, -0.142852783203125]	2.1690633110938506	1554978382.8051624
9952	26	inc	p-s+	109	3261	emospace1	[-0.7131872558593747, 0.047252807617187476]	8.108406250215921	1554978400.3731673
9952	27	inc	p+s-	295	5623	emospace1	[-0.6014166259765628, 0.06031860351562501]	4.087630229085335	1554978417.8921695
9952	28	inc	p+s-	719	5215	emospace1	[-0.6712310791015625, 0.24099975585937505]	2.5193909230383724	1554978435.4871757
9952	29	inc	p+s-	699	8380	emospace1	[-0.11198364257812501, 0.48316589355468753]	2.969994594079253	1554978452.9781764
9952	30	con	p0s0	724	6570	emospace1	[0.2878326416015624, 0.24393127441406243]	4.304539081556868	1554978470.560182
9952	31	con	p+s+	352	8186	emospace1	[0.10698242187500001, 0.13470214843750003]	2.452676590626652	1554978488.063183
9952	32	con	p0s0	377	6010	emospace1	[-0.2046118164062499, 0.17021972656249998]	4.721648562388509	1554978505.5461829
9952	33	inc	p+s-	290	4697	emospace1	[-0.4639318847656249, 0.1286077880859375]	2.318821095273961	1554978523.0511842
9952	34	con	p-s-	423	2683	emospace1	[-0.1679888916015625, 0.005245971679687506]	8.158596958217458	1554978540.533184
9952	35	con	p+s+	415	4490	emospace1	[-0.44900085449218724, 0.0]	7.023958339899764	1554978558.0671868
9952	36	con	p-s-	624	9902	emospace1	[-0.24874938964843754, 0.31926513671875]	4.171565762668251	1554978575.6201909
9952	37	con	p-s-	283	9184	emospace1	[-0.6464520263671877, 0.0]	2.2858759015744	1554978593.174195
9952	38	inc	p-s+	201	9163	emospace1	[0.48855834960937483, 0.22689147949218758]	2.2858236733663944	1554978610.693197
9952	39	inc	p+s-	501	4656	emospace1	[0.1676153564453125, 0.08516601562499998]	3.00330478491378	1554978628.2872033
9952	40	con	p0s0	425	7560	emospace1	[0.006740722656250002, 0.0]	8.77574918213395	1554978645.7742033
9952	41	inc	p-s+	353	6370	emospace1	[-0.1839019775390625, 0.3503942871093752]	3.8707814090394095	1554978663.3592095
9952	42	con	p0s0	132	7249	emospace1	[-0.15517028808593752, 0.4343847656250001]	1.5517441970405343	1554978680.8802114
9952	43	inc	p-s+	365	6510	emospace1	[0.00843383789062498, 0.3158062744140626]	8.825769698214572	1554978698.442216
9952	44	con	p+s+	366	7501	emospace1	[0.09713867187500003, 0.5320343017578126]	0.917769987570864	1554978715.99522
9952	45	con	p+s+	367	5470	emospace1	[0.16622009277343747, 0.5629760742187502]	1.6518647721641173	1554978733.513222
9952	46	inc	p+s-	625	5470	emospace1	[-0.0032531738281249886, 0.6692388916015625]	8.74241017573695	1554978751.0982277
9952	47	inc	p+s-	276	8341	emospace1	[-0.38378662109375006, 0.5236108398437499]	1.4850007489039854	1554978768.6012287
9952	48	inc	p+s-	713	7501	emospace1	[-0.45691345214843776, 0.4647137451171876]	1.5350656889786478	1554978786.2182364
9952	49	con	p-s-	501	3195	emospace1	[-0.6106475830078123, 0.305010986328125]	1.6860691459460213	1554978803.7072368
9952	50	con	p0s0	170	1112	emospace1	[-0.24813476562500003, 0.13845275878906246]	0.9345127303258778	1554978821.2702413
9952	51	con	p+s+	220	5623	emospace1	[0.24855773925781255, 0.17521118164062513]	1.9189907469026366	1554978838.8222454
9952	52	con	p+s+	201	4800	emospace1	[0.6862445068359376, 0.30205017089843744]	2.7362931719417247	1554978856.3722491
9952	53	inc	p-s+	202	9902	emospace1	[0.16293701171874994, 0.088760986328125]	6.790396493146545	1554978873.87525
9952	54	inc	p+s-	291	5621	emospace1	[-0.14532836914062502, 0.08766357421875001]	8.091743950906675	1554978891.4592557
9952	55	inc	p+s-	106	7405	emospace1	[0.12825256347656247, 0.48268188476562485]	1.585153441372313	1554978908.981258
9952	56	con	p0s0	361	7632	emospace1	[0.02771179199218749, 0.4119030761718749]	4.92184018588523	1554978926.566264
9952	57	con	p+s+	110	8380	emospace1	[0.0955712890624999, 0.07329162597656252]	6.49007348869236	1554978944.0642648
9952	58	inc	p-s+	210	3102	emospace1	[-0.5495404052734375, 0.0949700927734375]	5.50585241088811	1554978961.6292696
9952	59	con	p0s0	120	1945	emospace1	[-0.18084045410156246, -0.13571166992187503]	4.604941328812856	1554978979.1822734
9952	60	inc	p+s-	420	8178	emoscale1	2.0	0.38378968480901676	1554979683.467556
9952	61	con	p+s+	808	8341	emoscale1	4.0	0.3505146129409695	1554979700.9875584
9952	62	con	p+s+	716	4652	emoscale1	5.0	0.21698089138044452	1554979718.5035603
9952	63	inc	p-s+	817	1525	emoscale1	3.0	2.586072837939355	1554979735.9875603
9952	64	con	p-s-	134	8230	emoscale1	3.0	1.2013316392167326	1554979753.4885612
9952	65	inc	p+s-	624	4652	emoscale1	5.0	0.7509374813325849	1554979770.9735613
9952	66	inc	p-s+	366	6263	emoscale1	4.0	0.40048320097776013	1554979788.4805627
9952	67	con	p0s0	130	7092	emoscale1	2.0	0.2336852133848879	1554979805.9675627
9952	68	inc	p+s-	255	9156	emoscale1	2.0	0.4171764169823291	1554979823.4615633
9952	69	inc	p+s-	134	4660	emoscale1	2.0	0.8176193962353864	1554979840.9455633
9952	70	con	p+s+	355	8178	emoscale1	4.0	0.35052571894084394	1554979858.4465644
9952	71	con	p0s0	373	9402	emoscale1	3	None	1554979875.9335647
9952	72	inc	p+s-	422	4800	emoscale1	5.0	2.1358716842969443	1554979893.4345655
9952	73	con	p0s0	705	2309	emoscale1	4.0	8.959205566925448	1554979910.922566
9952	74	inc	p+s-	703	4611	emoscale1	4.0	0.23383109217320452	1554979928.4195666
9952	75	con	p+s+	205	9156	emoscale1	5.0	0.18363077898538904	1554979945.9035666
9952	76	inc	p+s-	289	8186	emoscale1	3	None	1554979963.4055676
9952	77	con	p+s+	365	8193	emoscale1	4.0	0.26762244288147485	1554979980.8895679
9952	78	inc	p+s-	423	5270	emoscale1	4.0	0.36719101987000613	1554979998.3905687
9952	79	con	p-s-	420	3005	emoscale1	1.0	0.5674168618479598	1554980015.8745687
9952	80	inc	p-s+	352	6231	emoscale1	3	None	1554980033.3855703
9952	81	con	p-s-	106	6213	emoscale1	2.0	1.4015043525014335	1554980050.878571
9952	82	inc	p-s+	216	3015	emoscale1	2.0	0.6007030397122435	1554980068.364571
9952	83	inc	p-s+	610	3063	emoscale1	1.0	1.034500933954405	1554980085.846571
9952	84	inc	p-s+	311	8230	emoscale1	3	None	1554980103.3475718
9952	85	inc	p-s+	415	9325	emoscale1	2.0	0.00019210375467082486	1554980120.869574
9952	86	inc	p-s+	367	9429	emoscale1	2.0	0.36711868079873966	1554980138.3495739
9952	87	inc	p+s-	310	8470	emoscale1	3.0	4.471320560234744	1554980155.852575
9952	88	inc	p+s-	312	8370	emoscale1	3	None	1554980173.336575
9952	89	inc	p-s+	815	9622	emoscale1	5.0	0.33386041801168176	1554980190.8575773
9952	90	inc	p-s+	200	3005	emoscale1	2.0	3.9374080941124703	1554980208.3395772
9952	91	inc	p+s-	502	8034	emoscale1	2.0	0.317088859694195	1554980225.8235772
9952	92	con	p-s-	291	1525	emoscale1	2.0	0.38382150199322496	1554980243.3075771
9952	93	con	p0s0	723	9926	emoscale1	1.0	0.7842644812462822	1554980260.8085783
9952	94	con	p-s-	625	6250	emoscale1	3	None	1554980278.2935781
9952	95	inc	p+s-	293	2300	emoscale1	3.0	3.537106791378392	1554980295.8075802
9952	96	con	p-s-	502	6231	emoscale1	2.0	1.0011334121554682	1554980313.304581
9952	97	con	p+s+	215	4651	emoscale1	5.0	0.750879249882928	1554980330.7975812
9952	98	inc	p+s-	260	4490	emoscale1	2.0	0.45060277055563347	1554980348.2825816
9952	99	inc	p-s+	813	9423	emoscale1	4.0	0.3170981647181179	1554980365.7685816
9952	100	inc	p-s+	808	3010	emoscale1	2.0	0.000190002621820895	1554980383.2515817
9952	101	con	p0s0	728	2525	emoscale1	1.0	0.3004340644383774	1554980400.759583
9952	102	con	p0s0	720	7046	emoscale1	3	None	1554980418.2365828
9952	103	con	p-s-	713	6510	emoscale1	2.0	3.970824542335322	1554980435.7385838
9952	104	con	p+s+	813	8034	emoscale1	5.0	0.1335745436099387	1554980453.2235837
9952	105	inc	p-s+	351	6250	emoscale1	4.0	0.38340217551376554	1554980470.7235847
9952	106	con	p-s-	711	3261	emoscale1	1.0	0.500636793931335	1554980488.2085848
9952	107	con	p-s-	241	3010	emoscale1	2.0	0.45057245418138336	1554980505.7105858
9952	108	inc	p+s-	711	8130	emoscale1	2.0	0.3671297867986141	1554980523.2105868
9952	109	inc	p-s+	820	6821	emoscale1	4.0	0.00018940229711006396	1554980540.711588
9952	110	inc	p+s-	288	4668	emoscale1	5.0	0.5673625325034664	1554980558.2065885
9952	111	inc	p-s+	355	3150	emoscale1	2.0	0.3170678483438678	1554980575.697589
9952	112	con	p0s0	225	4279	emoscale1	5.0	0.7341962393893482	1554980593.1825888
9952	113	con	p0s0	382	7079	emoscale1	3	None	1554980610.6895902
9952	114	inc	p-s+	601	3195	emoscale1	2.0	0.2336834124107554	1554980628.1895914
9952	115	inc	p-s+	205	9253	emoscale1	2.0	2.502504402627892	1554980645.6705909
9952	116	con	p-s-	709	9163	emoscale1	3	None	1554980663.1765924
9952	117	inc	p+s-	283	4659	emoscale1	5.0	0.7008656375292048	1554980680.6575923
9952	118	inc	p-s+	204	3053	emoscale1	1.0	0.8009318833101133	1554980698.2175968
9952	119	inc	p+s-	424	4651	emoscale1	5.0	1.3348248388956563	1554980715.7746007
